15921674838
18310920911
18939887902
13505554280
18660267210
15900426550
13918019497
18512169917
18161087940
13868219556
13818615366
13621998565
13816066059
17317372798
15601878287
17717351727
18521062242
18616655027
18701990061
18621716969
18550056888
15000577270
13321865563
18017990970
13761892797
13761985243
13701990425
13616699576
13501191666
13973901951
15856759799
18217738295
13816009945
18816555021
15900612334
18116307812
13733803321
18717888448
15050126752
15026973919
13482629589
15001813012
13505319633
13681000649
18217556995
13386500008
18321865006
13816033984
13816316590
13681913783
13511621189
13524244067
13002158058
13816776638
13761109484
13818748384
13512123031
13917462015
13764326264
13915278315
15901637742
13969236712
15151531109
18116102196
15000188495
13777072129
13761478343
13564772287
15931110008
18621367019
18521321818
15900848971
13701800768
13761107333
13661979741
13122147832
15216808970
15316359808
13681722951
13656226418
13472579712
17301691318
18763590882
13331901106
18662651230
13601924689
13311825557
13611689256
18321930821
13651646102
13916992503
18017007688
18895430966
13918181953
18071517360
15995536546
13916399354
15921813513
13881689420
13661552976
13817369083
13166221807
18516289973
13918373230
13816425451
13918797929
13917778976
13819082202
15921864438
13585800686
13917024037
18817353682
15618512572
13817397866
13162246082
18921808710
13472482443
13585503435
13701202041
13166351914
18621909918
13917219363
13916094409
18917223706
13816569251
17717504670
13917998645
18217008723
13816909234
13916944559
13122363795
17317981598
18116196668
13122237000
15000427264
18762556668
13311982963
13817324104
13661957963
13564338330
15801748150
13817374663
13501921560
13482472757
18621381821
13501959650
13952911981
13162546341
15921845014
13817534707
18917646967
13761768222
13901759682
15921888656
13524622080
13817683924
15221195702
17717636010
13381756305
13585662903
18116086653
17740885690
18918052205
13916235490
13917629531
13564644466
13866885222
13482226188
13611911987
13803146464
13564658816
18916996706
13701869248
15821909135
13501903358
18721569439
18321223972
13381995699
15042633925
17717345077
18616788875
13122272029
15000844990
13736804705
13003174956
18616548569
13341612866
13122227735
13764925602
13524695842
18275095766
13564098018
18201706185
13564001734
13248291448
15821341807
13122372952
13816511901
18121126515
13818604733
15990695959
13681614241
13917890849
18721882187
13917182825
17317163897
15000223369
15251685995
15070039906
13816054797
18205006443
13816952830
13818458001
15921116697
18301888920
15985658560
15821690361
18321945592
13801621149
13761988818
13917826089
15801760928
15988663266
18917069098
13918509393
13638401955
13917586620
15021283269
18917854392
18631036677
13916418049
17317982651
15618223267
18621870939
15221885651
13918699997
18217352202
13122200988
13750675078
17612146715
15221152311
13681899491
13167089645
13023224534
13761975366
15269726916
15900871961
13795332060
13917467777
13601699832
13918193939
13390667800
13816946289
15821908688
15214330009
15921203592
13370078834
13764362336
15921651278
18616103239
13621234198
13761283612
13817298990
19921356389
18721089553
15921198939
13621956669
18117570171
13524757751
15802162697
17321256014
13985177039
15943079303
13816956875
13764443597
13818076100
13371879979
17321167475
13524168475
13576907455
15821831869
13917654596
18967393922
13641648364
15166368111
13918060148
13917168046
13817926693
13818141512
15062621572
13918452755
18916468748
13818765624
15613284573
15000156881
13003227318
13817944403
13611612282
13764890234
13381991900
13671643667
13621970670
15601881689
18616842530
13918252493
13816960227
15902111421
15900995158
15021101083
18602160466
13817216609
15618983409
15001973739
15317680661
13851382928
13501643434
18702103690
16602164688
13651907982
17755131760
13127779856
13917713555
17717205207
15021379396
18221304895
13391106080
13601806318
15555253855
13681923837
15202158436
18075173145
13761722886
13917857996
15356177581
17301777369
13818456036
15216810095
13816371514
17756507857
13813759726
18321289846
18621892025
13968937797
18516115098
13621758542
15821636465
13761902852
17749762586
13916079385
13564136737
13167195695
18017667351
17192175066
18918599183
13916254368
13310111015
13681627106
13818437210
18918564157
15000371377
18251111113
13012817140
13671634979
13969693309
15000011889
18918122998
18917927718
13916001029
17701788982
15301668898
13818858864
13621609672
13566019292
17502129982
13816772836
18012771091
13764675775
18916700102
15902101337
13817280072
13611920587
18621736616
18121090601
13892336217
13816961709
18059899231
18616793333
18151853469
17721134399
15700055244
15026901590
13764017309
18867518420
13816761902
15821673367
13858874440
18017829173
13621984815
15929634965
13331978618
18116222296
15021708622
17657327320
18802187501
13913910183
13806077188
13918449186
13960593666
13621722623
13331803633
18721977759
15852236618
18217486295
13917273481
13585514220
15000057336
13564999163
18101639955
13764959796
13916100097
15021779901
15255193739
18321774561
15821970116
13311836672
15921326708
13611669284
18101805181
13671781649
18221599694
13764035555
13301614639
18916885632
13917051570
13816960566
18217766606
15102174332
15026560053
13817182238
15216637935
18918939007
13918931286
13472465325
17321017149
15026972529
13916912157
15821657559
13901762555
18861263905
13661964171
13651952858
15502152475
18317105451
18939709396
15129953740
13301966970
18117282106
13564490950
13906177525
13818284163
15026505123
17321312748
16601703308
17501680332
13301803188
13911120367
13916289330
15021676318
13512173379
17721183409
13120730952
15026734343
13501843993
13186596686
13901608336
18601712761
17521559687
18202196658
13917224399
13764412399
18017833523
13817403870
13564878333
13661532868
13671850589
18917430499
18721910652
15821158189
18621682859
13917551258
13611705425
13916555462
17765182050
13816899868
18397307601
18964398885
13402191311
17717237111
18721920051
13818527402
13524051846
13524262552
18621550061
15901955637
13818115956
18516576961
13391294403
13585969376
17717938423
13706356466
13917825236
18717713368
18016568881
18321547340
13761133163
18018664111
13601949058
13764437989
15921430501
13818168983
13661576020
18565599880
13429292580
13062898889
13917030204
18015532652
18616200158
13122585280
15900572016
13761340049
15862706127
13512182544
13621811987
18702135539
13381959120
18917487008
13818491234
18516058995
13795275445
13916815221
13918858158
13122906503
18516158235
13601752978
18702130517
17740850411
18321061588
18964542795
18116310789
18521798703
17717472900
13301600371
17821809708
17717557507
18601663613
13761340686
13661969168
13916013700
13761282218
17755385860
13817868948
13817743121
18621947878
17821197285
18918813311
15507925184
13681875872
18621270340
13818250254
18917580815
17701753608
13050300101
18930198008
13671116828
13681986775
13064755155
13301919396
13816003241
13917778947
18501685965
15900798558
15316168853
13681692429
18952061397
18901997446
13621914775
18721991660
13524888223
15221421033
13636563585
18621916728
15079408747
13764579057
15801773342
17717917225
17701823568
18101820507
15001728325
15821295589
13916628653
13601666774
18616211087
13761529526
18605158911
13706833518
18217717758
13701783665
13816893665
13564452787
13611890325
15021126860
13817388942
18721123267
13918499324
13381093550
13764836752
13585537669
13917152845
13818293273
15994488612
17317735537
13291868184
17051020733
18964356605
13611923243
13916738694
13501755861
13501804210
15026531819
17898849581
15601999338
15852181121
15800349050
15000270765
15000335988
18615748165
15900647130
13851664689
15000975834
15921718102
13148191482
15921815525
13764387090
13817030853
15372372887
13122645656
18601782329
13681679781
18616688805
18801617974
13901804496
19957733126
13918587332
15901945623
13001529026
18602168029
13686374688
13764289075
13636614125
15510057831
15216625158
13901659986
15162728589
15800675630
13661614897
13918941316
18168988562
15698272122
15990879540
13917449795
15134267278
18621728048
18616541417
15317362113
13661622331
15618536115
13651802745
13601960739
15618493700
13611763435
18616877257
13818390700
18858308980
13665143678
13675892977
18616861125
15800335525
13681766356
13262247163
13162909299
13524253951
13310000440
18918821866
18918297225
18018503177
18248788552
18602151700
18721095120
17621388899
18621638976
15000089702
15821987643
19916736825
18518732873
13611649728
18930848599
18042800306
13564390272
15800787879
18221538239
13585609550
13917818080
18114917821
15026842412
13003279630
13166253661
15000717922
18565575399
13044639838
13162222508
13901635824
13818807435
18721329733
13916290762
17302115233
18001712230
15001768304
15021106997
13817666619
18321825523
15068752113
18621683548
15221114175
15618920825
15002182303
13162990629
13918274216
13764316533
13636512765
13501837560
18916011100
13982753303
13916681442
18521304818
15021496459
18121168200
18017136490
15201742084
13564097910
13817922056
18053900888
13401792326
18018690818
13818399924
13656200192
15821009838
17602139805
13918341593
18717805228
13370061553
13567247858
13816810643
18616723221
18221061367
13817998956
13816406003
18217488939
13331973081
17321101319
13764950668
18655255500
13958627719
13661866862
15900642452
13901887270
13166008258
13732112700
15921036596
13310177858
18221666795
13013649655
13120800060
13816767830
18221364578
13774438695
17717576106
13761107337
13391121376
18616280717
13127685768
13386131366
13918557092
15821140968
15800398072
18221953445
13764411326
15618096645
15921189421
15216659117
13918031832
15618971297
18317100761
18616550122
13817861150
13651829996
15358552995
13761863028
15221032329
18016246731
13611751962
18616098276
15317759590
18367869668
13918392512
15618689699
15102108781
17712631862
15021868951
18221166961
18521591933
15316103980
13636614701
15560209678
13601989876
18117439121
13671649425
18610867419
13002166289
15900582142
18019261329
13816172790
13391222775
18964033071
18516106017
13788972513
13661586923
15721226159
13968536298
18717765385
13901786048
13122412511
17717270707
18964981597
18717830593
18217755386
13916242505
18217516628
18621857180
15221995883
13818665815
15802186685
18601632556
13817787789
13601859491
17601320399
13524554213
13916118166
15201953713
15953278593
19945269586
13817144222
13788928181
15167190887
18862882059
13918321520
18019781116
13985066996
13918086895
15618070260
18616094725
15385315818
18858338820
18930249390
18217287911
17721467527
13501768734
18638763880
13862279243
15190724361
13761579309
19921079132
17301721890
15201962256
13764633786
15801714125
15316789376
15221346518
13924200289
15800950002
18117001380
15021810024
15216782832
13472442075
15618697769
18721844147
15618028232
13761607810
18800246916
15026613998
13512146075
15901902628
17521311088
15026914951
18016450136
13918147879
13783647836
18616350447
13611914110
18621659361
17621025085
18638197989
18859586147
13681850840
15800811698
18501732851
13606780109
18616986195
18321354923
18365453762
18721566554
13501907876
18121370703
13918800485
13701934050
13917476918
13641925444
15000735649
13917386650
15021824107
18616806548
13916036712
13045675286
18201835431
18365078084
13311775198
15921020976
18451062788
13817029155
13297558669
13524056956
13916971704
13564372231
13817815170
13681822524
17621439556
17701791700
15921149653
18917354648
18621647557
18721416861
13122689218
18621189881
15900490018
13166332299
13512128267
13918562286
18601632287
17521011957
13917587369
18751335543
15705278609
13771196000
13501681083
13816720519
18512130493
13564732285
18621628746
15801555571
13052000291
13162696615
18621718981
13564108228
13816900957
18321589395
13681699464
13917253576
13052466144
18918382043
13706886112
13167079295
13456163045
13818428121
13901778694
18116401992
13918709033
18995025806
13917768988
18651087751
18116318669
18217533102
13681820753
18916311118
13918168797
13818108199
13601886062
13770823577
13916151584
13701858401
13761484484
13564430587
13636302557
13661958790
13611795167
13564524108
13816681338
13818819414
15618772122
17521010880
13311770128
13818520795
13918162698
13764341218
13601937594
15800863973
13788928517
13818802765
18018545950
13611680222
18017881621
18964982149
13611682826
15900865076
18623415757
13917065346
15301687672
13661663302
13916636353
15502140681
13817953591
15121154571
15681187571
15021598081
13818793352
13371640008
15221740577
13701922510
15502124292
18621540456
17749741020
13309667666
15000368786
18016401872
15216786906
15996919301
13167147978
13651726370
15102115608
13918111553
15916625895
13816036579
17712155655
13524660512
18566400290
13718581808
13661813879
17602144588
15216732088
15021789823
17305580333
13621720176
18962842891
13916268097
15040659002
13732020715
18058790988
13041603141
18621813536
18601651930
13120886262
13817207200
13764574936
15601799957
13761873006
13917416668
13701992726
13512158552
15921722707
18221818592
13761022427
15121102221
15221311443
15021200854
15821807355
13162473998
17701690126
15502138339
18621281757
13671965866
13681611431
13764900759
18028224249
18217608446
15821885638
18616378359
13681811731
15821770968
17702189998
18702161256
13916904003
13818495372
13788952753
18930648233
13761855411
18321980688
13276800369
13661897384
15800339312
18521530225
18017717373
18502109749
15026592205
13817247237
13761367875
13816559847
18018507778
13687397499
18321950935
13391336563
15721369279
18801950279
13564749733
13524672726
17717543183
18962748848
13375766372
13818443397
18721820416
18221692334
13636304021
17821315093
13636577929
13701858067
13661429498
13162787585
13816561486
15000111078
18721275256
13524562380
13917058399
17721433091
18000210555
13661993071
13918545116
13819956599
15024527593
15601816706
18621583961
13564871435
17821398535
17330058717
13817594705
18721925394
13816417257
13162223393
13816481911
13663378900
18516081275
13874117238
13701840755
13906522900
15355188458
13564949732
15102105657
17301824828
13818466301
13816062749
18918697049
13914704938
13585546687
18916257118
18116377170
13482591456
18023757829
13564602987
13818252663
18521779940
13866829026
13918186315
13676569922
13601730987
13818369635
13391259198
17317908350
13918866294
18151093056
13524611173
13681979828
13482727270
15901963913
18121396059
13795291996
17765144966
13052105655
13918119416
15026589727
17321097719
17821510530
18621695287
13916961838
13883533705
18701701885
13651872613
15021179354
13916578536
13816498245
13501835601
18817343365
15201718851
18910726698
15221277678
18616634919
17721081117
18701779176
15921615312
17717083706
13801917672
13918176977
13866073833
13916594664
13482121954
13321994603
17317824980
13918470731
13816711104
13641606150
13916346925
15316563280
13916637298
13621668713
15895411980
13816967434
13915354526
13901693161
18506217520
15021041365
18616850495
18621180328
18616307593
13122256779
13916355142
17721310039
18721506271
13661851661
13916227186
15802137648
18221121639
13641618691
13916866809
13681771961
18930593810
18916296649
17053069576
13816432382
13761005272
15618021810
13916680686
17701780156
17721008046
13661573973
13917848638
18721386628
15900926209
13774353197
18317029021
17352366007
15221929079
18568478999
18916431267
15000404291
13641763185
18516237707
13501642256
13636611075
13661651809
13788929169
18221235990
13817499308
13681637101
13661931320
15973602258
13636582256
13585801556
15000388721
13611969916
13918796188
13818486074
15301659345
13472490651
15618630677
15056461369
13918904611
18221831181
18639523020
13917196856
13901904661
13774279439
13621929911
13816970399
15905708667
18627069840
18616223017
18616223018
18606180394
15821565623
13062877164
18221929517
18817758276
18621121857
13341900880
13651924696
13817361918
15556931708
15216824312
13761261211
13815387275
13817681669
15888167642
13901940487
18280211387
13701905286
18117051662
18616091409
15055900501
13701750876
15021305641
13671999376
13764751940
17712265536
15800879687
13045657852
13817631548
18817302696
13641687155
18916336982
17521540989
13671830677
13817423504
13321823212
13661905207
13061985211
13651914847
13641866187
13621755508
18761278598
13917222801
13804070529
15801719856
13681824051
17317929655
13816232884
13321918923
15618313075
13818079031
18010961069
17621210031
13918815861
15021001861
18717987729
18818157727
13651859952
18017699519
13817142525
17621673753
18621900077
18621711251
13917786306
13917537351
18916068696
17621211804
13901904066
15121039215
15105238626
18796129028
15121109070
13621888927
18805658948
13701773480
13761192501
13682822664
18016021087
18912519787
15556700287
15900576998
13601854611
13917973629
18721073040
13641891235
18217031375
13817394646
13701660737
13122120225
18017213906
18217112262
13331930936
13761322429
13381750595
13611956597
13761733336
13852694130
18019703715
13818404284
15102148785
15021889815
13120561947
15755133956
13262905329
15921889192
15221923076
13918808013
13711773220
15601616841
13310050796
13052276968
18516244699
13816879937
13916397095
13148131704
15821331668
13361953175
18221318845
13912367896
13917281381
13817528790
13817961789
13681754426
18321575993
13386168899
15921827765
19821732010
18559189602
18717839296
18551158357
13918642813
13636688826
18017022898
15921809297
15943653374
18721231335
18901748716
13601785830
16621676808
13918224876
15721242247
13701874503
13023159019
19871287550
13061660600
15821151887
15821256802
18317187076
13122551666
13585793411
13661419306
15555907771
18721816678
13482631038
17717038101
15050610088
15821429034
13636422129
13122963736
13564809537
13671506956
13917956560
15601638898
15000053073
13386022080
13162801685
15221478906
13701913778
13661925891
13601600622
15201939089
13764966723
13601955293
15800377308
13023204639
18930388003
15000465968
13003108265
13255176988
13564864324
13818955738
18901923086
13801883638
13524194575
18915546300
18616098751
13402183161
13761624370
13817546797
18017227916
18116128531
18717724927
15921872972
15921193216
13165625736
13472734590
13795251815
13586685647
18918711288
13761468804
13764468804
13701607053
18521551719
13472559122
18964975545
15658006833
18616878557
17301695050
18627980972
15216620667
13661401162
13641688069
13901704192
15000469759
13585664158
15901926253
13918866347
13835818739
13901689698
18601624182
13917437175
13917977359
15721435857
13776877171
13764917411
13795328930
13817586121
15901770885
13917203068
18516646277
13002133973
15267480804
13466690255
13501894140
15921303070
15121187986
13564922896
13611609385
13817308622
18221498162
18918808871
17301659287
13701838689
18017681815
13636634928
13671741174
17301767779
13127536406
15026720778
13611708808
13564545182
15996042433
13564034328
13761056229
18918034393
13122037921
15921451365
13817301035
15000689095
15901949851
15000217519
13524226993
13062779858
13651757408
13122348758
13701899706
18221928520
13918607469
13585553353
13701921713
13564187187
13482889194
15000537528
13122580871
15221882082
15021250337
18817521398
13966453665
18217786818
13901757120
13601927982
13621907743
13585706963
17321331377
18918695558
18916002699
13761719616
13918443701
13733663653
15800378798
13661883707
15221712385
13501171691
13611858602
13671697005
13361989788
13325998056
15800409587
13585539428
13636386750
13671755557
13040680807
13681607741
13761150490
13818387627
13381618360
17689803743
13816956435
17721387791
18321555690
13681871141
13564180876
18916665880
18717844381
18818158598
18852586454
15821521574
13801782171
15221279690
13661597769
18317109030
13918098151
13162307252
13816393096
15021869212
13817761455
13916155613
15001896374
15060815575
18755163598
18717884809
13818526935
13651765337
15221786285
15216615136
17717238999
13917439993
13122572621
13003168899
13671649856
13636390832
18655623836
15800383883
13918331843
13512127122
13918255343
13761592568
13901885608
13914425555
13764574559
18019763116
18151402486
13918282331
13641721258
18918038169
13311790852
13524218119
13917483962
13916635075
18964742897
18962301571
15800612283
18918869601
15221516288
13901965489
13122559628
13916536986
15226198886
18116197739
15821868718
13356781203
15921823081
17717576158
13585732116
13636617441
15801995516
13761006200
18621620228
18667235768
13564510369
15201856560
18505230099
13761375782
15301679923
15827616101
13564011798
18918818220
13311729255
13671074119
13501826749
13651992817
18616767338
15026788179
15900978541
15821162014
13472815518
13621659935
13671717783
13651962998
13916314925
18521311918
18637159909
13801757939
15802128772
18217364195
13817618579
13651712919
13816595449
18117057556
13701702730
13661781127
18701760751
13795267039
13501735699
18321396968
15202158580
13175253503
13641622429
13788926885
13641716007
13501753113
15026960093
13916755255
13564499909
17321115221
15216825598
18221069306
17717375878
18717755251
15216825524
17321169534
13795417777
13122223557
15800621338
19946019962
13681795065
13788993239
13162569918
18221805622
18939953718
18621979982
15951369220
18101879011
13817933691
15021252459
13917212946
13524038275
13816202550
13816517640
15006225588
13391145885
15026878476
15921699026
13601968593
18616315561
13917566082
13321981286
13585516901
13816031339
13818887632
15088756466
18321080536
13402186536
13818324748
18918399031
15026627303
13818443395
15021608710
14782610110
18226050085
17082165666
18321748713
18321848713
13817977407
13120933840
13636645832
13120878771
18918900456
13020211618
13621993825
15026486285
13917014232
13701814793
13162386062
13045626719
15801773161
18721724541
13701710498
15900923988
15001888803
13812260308
16621015082
13916667848
15252676095
13661900539
18930201312
13817913580
18221124264
13472872208
13611870565
13661786086
18651329060
13817808050
13524410756
13012879680
13044636369
18701953219
13362379906
13816710019
13310029380
18321085589
17601279827
15901921725
18217766338
13321965167
13816786758
18521511921
18916149986
13122932589
13381862009
15000765345
18916788175
18121491127
18602162107
13701903546
13761610747
13361850828
15921207602
13918705843
15902189608
18717866146
13061686163
15021526579
13917016558
13331990132
13916368913
13020239248
13917345186
13761204497
15618093975
15902166146
18626246010
13916730576
13671575891
17602123716
13061756560
15921736418
13917757053
18321090881
15800829908
13917056980
18702158013
13611855611
15921011678
13564668891
13918577115
15800932003
15800318429
13524659281
13816051335
13816158463
18964880506
13916495577
18201979095
18964885770
15921955562
13524792723
18221797620
13122646457
13816350316
13482561784
18616128811
13331858881
15857535996
15357076969
13601028418
13328131766
13918526996
13697924639
18001864677
15216862523
13661654038
15021201570
13564907757
17621236668
18621827507
15326689641
13916224370
13764751587
17317392947
18616181122
18601793289
15921110876
15921219829
17666009375
15921321191
15901983015
13611865510
15001959271
13957525281
15000382663
18616793893
18267359490
17321084296
18817973389
18355874342
13162652921
13661524182
18616393329
13916004479
18301758440
18112652035
13046691347
13916036128
18626027114
13816239165
18918790000
13916699243
13482258845
18321268466
13761703862
13023222258
13671693159
13761567822
13774450675
13917163108
17621238425
13166035727
13795206972
18016005022
13681794538
17321391191
13162379121
13621820986
18616066771
13564692750
13585561525
13162816226
15692185211
18017197999
17317240676
18717973217
13918141223
13127670852
18601681547
13524145876
13761666916
15921195095
13917283089
18918921158
18101899115
13020239720
15921411060
13918504949
15951338040
13918275228
18501622869
15801932886
18916688660
15800908902
15821066758
15900743202
13774346594
13916308808
18049860655
15000190677
18721439318
18017277363
13564440654
13621633199
13817134849
13917689998
18621283993
15921393178
18930152171
18616833017
15221900268
18001922998
15026754751
17317230252
18581261987
13482823758
13816067105
18516133717
18516556419
18301778645
18952409205
15921426593
13301759017
13681850696
13661643320
13167268156
17778018141
17717358500
15021153120
13761236202
18202142826
18221952155
18149777639
15618652625
18321455541
13818521011
18807939709
13917055355
13816204996
17751278781
18502102687
13918606199
18601629987
18616313889
13661912329
15951333363
18817525973
13761601400
13817341810
18721353812
18717717790
13524357189
15000014152
18101629208
13002103977
13645548981
13818892978
13764007180
13391009727
13761785462
18621586662
13818290332
18616596871
13585931762
13671541613
15202160378
13816009128
13524221975
13482752210
13917232261
15026822825
13564640764
13524018361
18900733226
18512148986
13818196098
15802127571
13761782956
13764267750
13761545335
13816537948
13761658390
13621983393
13764546792
15021955009
13855972736
13818311365
18801902434
13120631969
13381888352
18616768002
18661507955
13816113102
17321113352
13063551910
13166163010
18001969028
13671870130
13816200925
13585666867
13621718958
15976054211
13041909654
15279317228
13524811028
13606251015
13195655323
13381865968
13661504727
18005746599
15888788890
13713852057
18911201889
18101129858
17395631036
13924250678
18890393537
18773335650
13487628228
13974169168
17373112593
13007303966
18975445055
15811188619
18173230009
13348628706
13975787808
13874457788
18390352111
18073870366
17707309998
13973306034
13311769136
15972140738
15869915697
18874560666
18627568681
13910775259
13922346657
13132003338
15292051972
18075719207
13973789711
13873107268
18674862882
15773866055
13387301939
18820769381
17775923029
18173785852
18573406484
13929491699
17707383951
18274046230
17769486177
15873591717
18229218004
13707406326
18673159557
13875480836
18373431450
18507340370
13307492555
13874140889
13517394823
18666613099
13487782482
13907444670
13786059388
18973275836
15574439527
13677379599
15873068538
18773188928
18932483373
18974773771
17752774748
18973569798
15365388788
13823340235
15807308098
13973209585
13874751352
13973002324
18973571496
17740884783
15073237189
13828287939
13964313819
18674823179
19973652927
18974206822
18122372700
13875471413
13278891148
17373576157
18674626118
13713839139
17373776256
18073790619
13505718882
15200238999
13810209859
18973166636
15211796066
15807452904
18874545625
15576872288
18674077125
15907477777
13590197590
13607355968
13873593356
15976871112
18384177707
13387347776
18721582916
15673103666
18960224018
13787968099
18692006262
18973551921
13467891352
15273508697
18373598999
15399817322
13873202217
17369223796
18673213278
15938982207
13973197649
18621572204
18725885818
17378171313
15616246777
18673372627
13607470837
15818328688
15273221999
15007388093
13467767557
17374528458
18974550293
13762881986
13667308300
15292297837
13875278121
13575231466
18973731567
18273201737
18008449607
17773713317
18973766476
18307307855
13511104328
13607308111
13762203772
15717547667
13787511959
15575809666
15073390187
18025315450
13019521100
18874557238
13874645500
13786706807
13549729929
13360658169
15873932578
18816605798
17377957474
18174283906
13725539370
18900747777
17375739621
15874947291
13973033999
13798537509
18201327273
13397617982
18975269563
13910638631
13397332593
15073421888
13142359060
15197751187
13762612909
15200301234
15800177999
15377089689
13575208608
18707463867
13511106333
17707421175
15274429049
13787606227
13910664107
17770281877
13973958528
18689806185
15576072222
18990929999
13787461908
13873029318
15273045200
15367621661
13908444734
13787349874
13607002315
18586678888
13973680405
13692192018
18698817212
18075908000
15973318588
15211842688
15367827731
13549559411
17336530469
13798819618
17707375517
18374769822
18073758336
17752610869
13554794555
13867234301
13875021777
18607464266
13487796665
18692072436
18873820859
18175789618
15581202512
13812849198
18373137099
13973501313
13876575523
13922852229
13556881218
18874416988
18932406480
18274321370
15116359993
13787929059
18627309691
15507342239
18862580999
13502619149
15858872887
18570559518
18973743247
13507334652
18273668183
13548599748
18674752289
13807340180
17373155021
15874665888
18230596988
18874676518
18673766555
18127723583
13317322600
15274537571
13707406785
13958125400
13873687134
15897415151
18073789992
18188966666
13617358852
13620096650
15575397597
15521035819
18674352324
18773067778
13810695988
15889659321
13875673886
15362133214
15367548111
13807399011
15084800703
15197220181
13691658080
13973332220
15096003700
13973948360
13875588737
13347356097
13319621055
13507344097
18679868066
15581220000
15773142968
13907309598
13739078905
18607463658
13337231608
15274006888
13908418189
18025478680
13974072489
17373215469
18051116790
13808807568
17775183969
13907101023
18169207085
15118978752
17707342668
17807311766
13517341336
18778087204
13007492173
15273217696
15308412288
18216003688
15115438688
18873658166
18673552588
13873543303
13100200778
13816109729
13677358146
15917669608
18674858809
15096190888
18166110991
15367858660
13556577193
18216368666
18911868899
15243800444
18907385073
17358876205
13487801888
18797772606
13873685893
13707425202
13707395991
13735548387
15200725353
13574961186
18973289988
13107353908
17722659298
18874862766
18930188186
15274951996
13327361988
15007327888
15579885333
13237347773
15367606525
18688292997
13907357900
15116881166
13739046157
13574398877
15111695758
13467995355
13715700988
17717303909
13816653909
15197193090
17773242253
13570617908
13759499088
18674819896
18374878697
18975348534
15367020000
17373775572
13786780686
18670879581
13786829888
13875325688
13875764321
18932161608
18075987117
18122302823
15387437958
13908468158
13575128950
15007384186
18873536999
13786327127
13908408591
18975332291
13397310628
15197166626
13507388113
13908409158
18607392788
17742603590
13141960125
13260896669
13762629162
15173355678
13507352658
18774008118
15774559069
18397409298
13348728333
13907345726
18670369973
13975085777
18274186333
13502204623
13087206170
13974125187
18073003337
15999533638
18688863829
13974682154
17774307007
15700702080
13507372258
15273387088
18523327688
18373868606
18174604746
13787642655
13036758448
18676098090
13007447749
13087369827
18273229999
13707336970
13319616616
13974106172
13707327996
13786087198
15273355538
17374506385
18974774113
13387316038
18974610488
18975789668
15973770555
15707458999
15812888682
15073564586
15080701108
13786459936
13873220715
13607321388
13545061868
15813821458
13907346333
18807351388
13875152008
13307386335
13707406229
18182079155
17711755088
17711755055
15974288660
18166164920
18692530220
18607379316
13085476888
18973346000
13714400507
13507306982
18074535888
15907431343
13337386771
18974631222
18573465281
13599277227
13974006130
13677484493
17774317158
17774317518
15873777177
18229766721
18173852789
13675828240
13827225882
18174208888
18670244932
18942087191
13973632381
13962700016
18975755666
13762891833
15874862146
15391009461
13875336353
18873368003
17507479756
15007357066
13789080060
13786708477
13574098886
15173237151
13637374777
18242755577
13357385055
13802455256
15115090818
13762720888
18908422666
15507349904
13786609777
18073639992
15377388878
15006632535
18076188465
18907321888
13087212777
13332521143
13871199499
18773461903
18274729612
13397389921
13875005001
13973028520
17086448645
15673850338
13907386301
15737131222
13786222333
13907344117
13627374988
15673464275
13307452988
15241542141
18873000678
18397765088
18773287704
15116773588
13977296560
18673124085
13508445480
17373817772
13387398222
13908462831
13907388329
17674757642
13907329289
15898557809
15581285678
13974282345
18670413018
13873923388
18210475987
18927483510
18711074155
13297307641
18802104183
13318984939
18925517988
15173335836
15074488889
13650919191
18207455250
13875957967
13786827667
15115821555
13436345753
13875291177
18670338900
15507340991
15921976440
18874121666
18274773290
18022121380
18273830666
18773807888
18835184471
13873488696
13708887899
15581099788
13798544187
13337369393
13827458613
18390505030
18175904385
17358864685
13739057177
15115839558
18907456677
13916778939
15907464403
18174392099
13974235648
13975263566
18186124950
17704037887
13907445120
18007491450
15973698333
18390907997
15386399292
15173458888
15973399526
13607096918
13575188793
13826205966
15073818777
18607371111
19973968886
18073799997
13378055555
13574828181
15873813929
13257392222
17520082788
13973677011
13974547776
17775923456
15674478731
15607446566
18670869977
15626933380
13717246666
18774735757
17307457887
13762785750
13974686260
13786062538
18175817007
15343266567
13007401777
13916403668
17707443315
15386261698
13017339955
13574294660
17374533888
13875002107
15173887988
13319681388
15364268337
13071030837
18216082999
13975278003
13907410201
15115121381
18574541658
18773111187
13973560321
13973550519
18673985998
13530196791
18569508835
13100312288
13974316286
17774300579
18774186688
13923741534
18973830398
13875692883
13170452777
15377350101
15574752652
18974759480
18711921598
13607301760
13387337828
15580882088
13349680168
15348460629
13662351968
13762232428
19973328552
13975239800
15211186020
18807303895
13319694466
13873371019
13625876113
13549742219
18007462645
13787690307
13786966829
15974052748
18774307928
13975926173
18373861988
15581680873
13833610058
18670371082
13755101068
13367306518
13789189418
13874277888
15116842093
18229710118
18974673707
15007349299
18673895440
18820804088
13575127276
18021739899
18932499499
13575062636
18182041246
18973492777
13807389333
18647432600
18670611688
13357263887
18873081314
13816855288
18692933123
18973416506
13575163918
18974667255
13387331444
18163700777
15057594156
18637109665
18673739286
13100368530
18309618721
13601180958
15096151688
13511431169
13786579387
15226469201
13873208005
13789305337
17707394478
15273701114
15200709634
18707359685
18673700530
15673766006
18774680128
13873233953
13574988558
18273702339
18007419366
13203263666
18797719988
17711644388
13107431222
18926802933
13691962269
15107387725
13975015416
13777928678
15243895899
18684957108
17378010606
13973601720
15173303777
13787482946
15080721993
17377897055
18692962776
13610477995
15874630011
13873050516
17352665200
13817839091
13930652194
18821865521
15073896639
15173822428
15080911193
18675536495
13873906917
15607396917
15807330620
15873720998
18975001800
15873962037
15173991111
18973671288
15697358890
13317341717
15873997730
15219509115
13538552119
15774157777
13711553396
18975804168
15573811868
18474358846
15367359555
13897548748
18721951817
13907482992
13574220700
13907320517
15575623666
18174517517
15869793687
18107372939
13507372266
15399901013
18773383110
18673331028
18688890807
18613927088
15073233391
18075865835
13975460650
15873220596
13229831790
17687222156
13973931326
18773589998
18627359444
18673500202
18974067899
18974067999
13017143345
18473917777
13707391123
15807392888
15973861168
18373862202
15116006935
13549692658
15367703280
18873586299
13107071555
17373267307
18174261746
13873944456
18174601711
13638403807
18273012123
13973051692
13786037326
13365818222
15700808836
15897368068
18665430773
13975586786
13397555721
18673845678
13618428298
13707463342
18673235118
13507300933
18073709549
18075737616
18684622226
18673509685
18273470006
18374123333
15774168266
13918496522
18975229666
13907323658
13926942755
13975302576
18890738783
18174268513
17774419533
13829128606
13037307111
18973974888
18627395810
13327220538
13908497571
15575074657
17363823067
18711320228
15211966106
15717366005
15367783188
18674600763
18153390500
15717352777
18673172539
13510023030
13975060303
15207303111
18975633612
13873998749
13548898999
15580968818
13036728068
15274529791
15210419018
13786047966
13347372333
13055090888
18152777772
17752803799
18692810345
15273988978
18073701968
17373913888
18634665252
15717425771
13973720086
17377822220
17773721177
15373028999
13873829762
13974621689
13055158117
13873995029
13607365578
18035933033
18974168668
18675966389
17742570646
15307372982
13607482820
18674311177
13707444089
13973781817
13873165588
15211601599
13807361933
15873998166
15973079429
18230501569
18175909392
15897443173
13908422256
13627304109
15007476895
18673278989
18670873309
15348387000
18973870882
13487429163
15200666686
13107059928
18573187999
18774255599
