13507352658
18116310789
18717755251
18000210555
18601793289
15869793687
18568478999
18019763116
13924250678
13774346594
13564136737
13023204639
13671634979
18761278598
17321391191
13916346925
13818369635
13801883638
18974067999
13501643434
18007491450
18930648233
13122906503
13918449186
18918921158
13001529026
13472559122
13819082202
13611751962
13917386650
15821885638
18918939007
13636645832
13566019292
15273217696
15818328688
18116222296
18018503177
15921651278
13127670852
13636634928
13818802765
13916036128
15216808970
18075865835
18631036677
13816569251
15807330620
18616877257
13816172790
18762556668
13590197590
18616806548
13707444089
15202160378
18918711288
18621682859
13621956669
13786459936
18174392099
16601703308
15317680661
17742603590
18616655027
13387301939
18007419366
13714400507
15173458888
18717765385
18721569439
18310920911
15001813012
13611612282
13818486074
13487796665
13817142525
13585609550
15274529791
13816204996
13788972513
13787349874
15973399526
18674862882
13973550519
17721467527
15812888682
13918526996
13817144222
13761610747
13764267750
18221818592
18173785852
18016005022
17373913888
15116773588
13733803321
13816956435
17717375878
15000057336
18721925394
17717636010
15021526579
13564749733
18230596988
18601632556
15001768304
18507340370
13621758542
13524611173
16621676808
15921198939
18217488939
13916536986
15618223267
13761340686
18001922998
15801555571
13917956560
13816425451
18101805181
15573811868
18916336982
18017717373
18721329733
18217008723
13661597769
15737131222
13786062538
17701753608
13875957967
13816432382
18229766721
13918162698
18835184471
13007303966
13611795167
13826205966
13037307111
13162473998
18721977759
15921189421
13818079031
13307386335
15717366005
15026878476
15900647130
13916155613
13852694130
13681611431
15900923988
18565575399
15888167642
13618428298
18673552588
13607482820
18607464266
18221953445
17712631862
13764341218
13874140889
15874630011
13003108265
18621189881
13901940487
18616223017
17302115233
15021200854
18901923086
15873932578
13524038275
18073003337
18916068696
13321865563
13651872613
13818141512
18221235990
13818387627
18116318669
13816051335
18721073040
13835818739
18721095120
15000465968
13974282345
15357076969
13788928517
13107431222
15362133214
13907388329
13707406326
13818604733
13661622331
18939709396
13524792723
13875152008
15200725353
13307452988
15990879540
13910775259
15800378798
17821510530
13564602987
15800612283
18930593810
15821987643
13918797929
18701990061
18174268513
13916403668
13817761455
13788929169
13916224370
13524018361
18621550061
13761133163
15917669608
13681771961
15973770555
13798544187
15221712385
17711755088
13916397095
15897368068
13718581808
13564871435
18973766476
13502204623
13482752210
18973275836
13917016558
13707406229
13601600622
18121370703
18017681815
18918034393
13524357189
13661532868
15873777177
18667235768
17374533888
18621647557
13816970399
18638197989
15021001861
13817961789
18280211387
13917163108
18962748848
13175253503
15221882082
13918321520
13122689218
13910638631
18918297225
15021250337
18016401872
13873208005
13901904066
18917854392
13638401955
18216082999
13501681083
17721433091
15721369279
13564490950
13922852229
18964981597
13701800768
15000765345
13908468158
13875471413
18616793893
18022121380
13507372258
18717973217
13974072489
18301888920
13816595449
13911120367
13691658080
18701760751
13641925444
18153390500
18907456677
18801950279
17317372798
13549559411
13761601400
13636582256
18221797620
13739046157
15021779901
13761282218
15102174332
13823340235
13873906917
13764950668
18321950935
15921815525
13761722886
13387337828
13906177525
13482226188
18637159909
13817388942
18101820507
18967393922
13548599748
13386500008
13786829888
15026531819
13524695842
15774168266
13122227735
13916971704
13701905286
13916013700
13085476888
13777928678
17317908350
13621993825
18512130493
18974550293
15921426593
18321774561
18073639992
15821331668
13331930936
17701823568
13916100097
15721242247
13319694466
15162728589
15921451365
13973632381
13975586786
15575809666
15070039906
13512146075
18221599694
13681692429
13973332220
13046691347
18670869977
18621121857
17774419533
17521540989
13636390832
17717938423
13786087198
13508445480
15618772122
13762891833
13816946289
18173852789
13636611075
13002133973
18101129858
13918443701
13883533705
18890393537
13873233953
15800675630
15821140968
13827458613
17321169534
13701607053
18112652035
13574988558
13601666774
15006225588
13501835601
18321589395
13564097910
13347356097
13661931320
13866073833
18076188465
13816200925
18221538239
15021379396
13564108228
17317735537
15618971297
13975263566
15821295589
13621929911
15221114175
13127536406
13681679781
15601638898
18918052205
15821158189
15173237151
17602139805
13165625736
13061985211
13918606199
13918275228
18918813311
15900865076
13003168899
15901926253
13873995029
13739078905
13120561947
13817926693
18616393329
15121109070
13975787808
13347372333
13601886062
13331901106
15000537528
13381756305
13120730952
18221124264
15021283269
13907320517
13564098018
13319681388
15700055244
18017277363
13325998056
18711921598
17378171313
13651726370
15115121381
15050126752
13524051846
18674352324
19973968886
13507372266
13917439993
13873029318
13681754426
18059899231
18670338900
15674478731
17717237111
15073896639
18701953219
15921718102
15900871961
15921193216
13818168983
18374769822
15007327888
13816899868
18874416988
18001712230
13512127122
13761768222
15717425771
15111695758
13873829762
13549729929
18974673707
15021608710
13524145876
13818290332
18321090881
13564692750
13301919396
18721920051
13362379906
18763590882
13610477995
13917973629
13401792326
15973318588
13816952830
13621718958
18569508835
13762720888
18607463658
18616315561
13062898889
18317029021
18717884809
15026973919
18621870939
13023159019
13567247858
18512169917
13908422256
13817030853
18974206822
18501685965
18817758276
13858874440
13918274216
17707309998
17898849581
13764900759
13467891352
15873813929
13661643320
13391145885
13357263887
13962700016
13918086895
13122559628
15001896374
13671755557
13818284163
13867234301
15901770885
15921303070
15673103666
15507342239
13671717783
18717724927
13564949732
13682822664
18916468748
13585546687
13120933840
13260896669
13472490651
17717238999
15021201570
13817397866
13816232884
15999533638
17717038101
18910726698
15121154571
15073390187
15021889815
18016246731
18017833523
18912519787
15367359555
18521779940
13917654596
13786579387
13818892978
13651712919
13764437989
13701858067
13397389921
13641606150
18221364578
13975239800
15900572016
13875278121
18990929999
13915354526
13918186315
13601028418
13611858602
15001959271
15202158580
15364268337
13875291177
13601806318
13764925602
13621888927
13818665815
13645548981
15873068538
13052000291
13917449795
15555253855
17321115221
18627069840
18121491127
15116006935
13297307641
18616211087
13817787789
13661969168
18805658948
13918808013
15000427264
13651962998
17621210031
13636304021
13607301760
13914704938
15901955637
18621659361
13681871141
18916296649
13162246082
18721231335
18012771091
18073870366
18662651230
18616181122
13601989876
15921195095
15007388093
13916418049
13916368913
15996042433
13472579712
13917977359
13627374988
13524218119
13501735699
15000053073
15301668898
13701934050
13789080060
13331973081
15216824312
13501921560
13472465325
15221478906
18188966666
13621998565
18621381821
13817182238
13764966723
13611923243
13661786086
18890738783
15658006833
13681979828
13874117238
18621281757
18973830398
15377350101
18621283993
18217031375
18973743247
18930188186
13815387275
13511621189
18975269563
15921699026
18521551719
18606180394
13611763435
13045626719
13601785830
18573187999
18373137099
18001969028
18174283906
18917487008
13390667800
15800409587
17774317518
13661504727
13762612909
18874560666
15921203592
13681875872
13918373230
13310177858
17082165666
13774438695
13548898999
18674600763
15901945623
18639523020
13501903358
18397409298
18451062788
18373598999
13761150490
18778087204
13387347776
13661813879
15243800444
15607396917
18166110991
13917587369
13755101068
18116102196
13917778976
18217717758
18166164920
13817868948
13916636353
18202196658
13917345186
13638403807
15721435857
18516646277
15026592205
18751335543
13391222775
18473917777
15827616101
13402186536
13916578536
13816062749
13701838689
13816009945
13651765337
13122551666
15873220596
13262905329
17717345077
13365818222
13607002315
13311770128
13574398877
13621907743
18616128811
13701922510
18873536999
18670369973
13661654038
18964542795
13786059388
15618512572
13671116828
13162909299
13901965489
18616861125
13482258845
18521311918
13873202217
13973601720
15807392888
13975460650
13907345726
15502124292
18670371082
13771196000
13467995355
18932499499
13681899491
15216620667
15000190677
13907329289
15900642452
15367020000
17602123716
13817369083
13817808050
18127723583
13319621055
13917219363
13918496522
15921722707
17621236668
13671575891
15358552995
13761902852
13107059928
18616541417
17521011957
13387398222
18721882187
13701992726
13371879979
13331990132
13816054797
13381750595
15026486285
18321980688
15316103980
13761056229
18202142826
13816900957
18773067778
13162546341
15574752652
17301691318
18607371111
18217755386
13132003338
15873998166
18817343365
13918705843
13701913778
13309667666
18918900456
18621270340
13917537351
15821341807
18918382043
15996919301
15921110876
15026822825
18570559518
17301695050
13122645656
13916555462
17717205207
15221032329
18616850495
15900926209
17701690126
13764675775
13507344097
18721910652
15274006888
18973569798
18017829173
13055090888
13801757939
13319616616
15243895899
13482629589
15856759799
15226469201
15560209678
18621979982
18916311118
13564187187
15102108781
13901704192
13985066996
13817933691
13916235490
18911868899
15001973739
13120800060
13828287939
13327220538
18602151700
13020211618
13764362336
13917890849
13701990425
13916738694
15900582142
13764890234
15221995883
13918587332
18230501569
13601927982
13917462015
18674626118
18602168029
18216368666
13120878771
13641716007
13761988818
13585553353
13575128950
15807308098
15121187986
18616098751
13585539428
18862882059
18221929517
18217364195
15387437958
13229831790
13918545116
13873220715
18773461903
13912367896
13915278315
13166332299
13162801685
18673500202
15921011678
18017699519
13818437210
17770281877
13512128267
13786827667
13601949058
13817301035
15717352777
18973571496
13873998749
13370061553
18721386628
13575208608
18602162107
18018664111
18673331028
18616688805
15921823081
18616723221
13641618691
15216810095
15221786285
15802186685
13973306034
13564640764
15000270765
13761283612
15800335525
18321354923
13681923837
13810209859
13501843993
18117051662
15057594156
13974125187
13611914110
15367703280
15601799957
13317322600
18321865006
18373868606
15021810024
13974316286
13862279243
13918470731
17317230252
18627395810
17317240676
15697358890
18073799997
13387316038
13816009128
18321555690
15080911193
15216825524
18217533102
13874751352
15202158436
13855972736
13671781649
13816681338
13817977407
13701710498
18817302696
13916680686
13671870130
13061686163
13341612866
15173991111
13651992817
15214330009
15273508697
13917848638
13918557092
18974631222
17778018141
13762232428
15273701114
18725885818
17701788982
13808807568
13517341336
17711755055
18374123333
17621025085
15575074657
13661900539
18918818220
15800349050
13554794555
17307457887
18521062242
18182079155
13661964171
17755385860
13611855611
13930652194
13564440654
13505554280
18621620228
18174208888
13875325688
18274186333
15616246777
13386168899
15800787879
18221498162
13661883707
13564732285
18684957108
13818456036
18673372627
13816855288
13122147832
13681627106
13875021777
18916002699
13916308808
13381862009
13707463342
13801621149
13487801888
13681637101
15773142968
18655255500
15874947291
13918504949
15601616841
15717547667
13817743121
15821009838
15773866055
18321396968
18169207085
13901608336
13349680168
13636614125
13564452787
13818428121
18601782329
15021252459
13818615366
15021041365
15921036596
13501171691
13819956599
15210419018
18964975545
18895430966
15197193090
17321101319
15173355678
15873997730
15800908902
15921430501
13917778947
15869915697
17717083706
13637374777
18918695558
18621367019
17755131760
18107372939
13052276968
18116086653
13665143678
13524253951
15698272122
15116359993
13291868184
15252676095
13402183161
13122580871
17674757642
15216637935
18274773290
18621916728
18621892025
13585537669
13873165588
13661781127
13122256779
17377897055
18900733226
18707359685
13611680222
17317981598
18973551921
15021708622
13918904611
18858308980
18610867419
13505319633
18873586299
13585706963
13162222508
13651859952
13701750876
17769486177
18116377170
15050610088
18175817007
17621673753
18974168668
15134267278
13378055555
13816720519
13787606227
18952061397
13817298990
18675966389
15151531109
13045657852
13055158117
13875692883
13052466144
18773335650
13621983393
15618093975
18307307855
18516576961
13917182825
13662351968
13370078834
13918815861
13974006130
13916944559
15274951996
18874557238
18221318845
18670244932
15800318429
17373817772
17765144966
13907309598
15900848971
13237347773
13170452777
15502138339
13761022427
13761478343
17501680332
15921813513
13701858401
17301721890
17352366007
18175909392
13761975366
15921955562
13148191482
15821657559
18621711251
18019703715
18559189602
13381865968
15800811698
15021496459
13901762555
18721951817
15102115608
13917483962
13764546792
13817029155
18116197739
13917058399
13739057177
18007462645
15507340991
18673985998
13818404284
18616378359
18964356605
13907346333
18565599880
13908497571
13574098886
15267480804
13601955293
13007401777
13122237000
18621683548
13501191666
13816316590
15207303111
18174604746
18501622869
15221885651
18918808871
13901689698
17621211804
15115821555
18017022898
15002182303
13907101023
13816481911
13818527402
13681722951
15800398072
18018545950
17717351727
13916637298
13061660600
15007476895
13651914847
15007357066
13918509393
15857535996
18616768002
13524888223
18774735757
18873820859
18321547340
15821868718
13255176988
18114917821
17377957474
15021305641
13050300101
13549742219
15026734343
13918392512
18627359444
18621638976
13803146464
13789305337
15976054211
13924200289
13071030837
13868219556
13611708808
13381959120
13487628228
18586678888
18698817212
15221279690
13916866809
13167195695
18518732873
15901963913
13564372231
18674311177
18774186688
15221346518
15821831869
15080701108
18916665880
15581285678
17301659287
18688890807
15873962037
13818108199
13906522900
18101629208
19821732010
13636688826
13681766356
13761005272
15801719856
17086448645
13162816226
13918931286
13917212946
18321080536
13701702730
13501755861
13818293273
13917051570
15026627303
13975278003
18918790000
13575127276
18174517517
17749741020
18229218004
13611669284
17374506385
13917030204
13918562286
18918038169
13817374663
15618983409
18973671288
15386399292
13787968099
13663378900
13501959650
13575062636
18621572204
18221304895
18688863829
17321256014
15973698333
15852181121
15700808836
13501768734
18017990970
13621609672
17317163897
15921411060
13607308111
15000404291
18874862766
18952409205
13301759017
18627568681
13761985243
13122223557
15173303777
13386022080
13361953175
13818765624
17358876205
13601730987
18025315450
18975789668
18221121639
18019261329
18717987729
18071517360
15973602258
15601878287
13162386062
18964880506
13661866862
13100200778
18274729612
17657327320
18818158598
17521010880
13761892797
13816537948
15000388721
13917857996
13795251815
13816967434
18073709549
18616548569
15216825598
15000111078
15898557809
13601180958
15000975834
17520082788
18621900077
19957733126
13707395991
15060815575
13564034328
18217112262
13717246666
17752610869
13918119416
18397765088
15000735649
13788926885
15006632535
18692810345
13798537509
18807939709
17301777369
13681811731
18873000678
18217486295
18673159557
13607321388
17373775572
13901635824
13162569918
13917024037
17717472900
15916625895
13681614241
18221061367
18973974888
13512182544
13816786758
13585732116
18201327273
18675536495
13701814793
13818793352
13817586121
15021153120
15800950002
13311769136
13585561525
13020239248
13641721258
13787929059
13671697005
18502102687
15200301234
13023222258
15576872288
15802128772
18960224018
15862706127
18573406484
13482889194
13762881986
13916004479
13795328930
13713839139
13391259198
18273229999
13524622080
13761579309
13361989788
13816517640
18801617974
13397310628
17373576157
15221516288
15273221999
13907410201
18774680128
13816956875
18773383110
15241542141
13916268097
13677358146
13892336217
15166368111
18550056888
13061756560
13585969376
17707394478
18926802933
13786047966
18964742897
18365453762
13918176977
13786780686
13017339955
15316168853
13636302557
15802137648
13611609385
15197166626
13764289075
18638763880
18321085589
13817247237
18964982149
13122412511
18274046230
18616307593
17707383951
18688292997
18930848599
13530196791
13975015416
17756507857
13818807435
13975060303
13617358852
18916011100
13517394823
13167079295
15216625158
15105238626
18797719988
18616788875
18505230099
13501894140
15555907771
15681187571
13974169168
18918869601
13501907876
17717543183
13764574559
13817134849
13641688069
13910664107
18917354648
18867518420
17317824980
15901921725
13691962269
18917223706
18121090601
15995536546
13482823758
15129953740
13818443397
15021106997
18621716969
13611956597
15000188495
13621811987
13761367875
13817681669
13818458001
13916904003
13564878333
13917467777
18601663613
13262247163
18616103239
13761624370
18670611688
19973328552
18321575993
13802455256
15367783188
15348387000
18973492777
13875005001
13706356466
13611865510
18221805622
13917222801
13732020715
13917253576
13816393096
15096190888
17602144588
13918866347
15900576998
13901904661
13512173379
13671850589
13818495372
18932483373
13671506956
13063551910
13816498245
18516556419
13661958790
13467767557
15386261698
13162379121
18521798703
15115090818
13816350316
13918252493
13019521100
15921736418
18975229666
18221692334
13761107337
13922346657
15901983015
13816772836
13761719616
13973051692
18701779176
13606780109
15721226159
13616699576
13914425555
17740885690
13916079385
13917586620
13621720176
18516237707
13524168475
13762629162
13707327996
18605158911
13917998645
13545061868
15974288660
13807340180
18008449607
18917927718
18773111187
15292297837
13505718882
18721816678
15801773161
18807303895
13736804705
18975348534
15068752113
18221166961
15201856560
18917580815
13818390700
13661905207
13381991900
17707443315
17321084296
15953278593
13918796188
18975755666
13827225882
15800932003
13973781817
13357385055
13575163918
14782610110
13816511901
13764387090
18676098090
15000844990
13501826749
13816879937
13818955738
18973346000
13641866187
13501804210
18942087191
17321097719
15802127571
13276800369
13818748384
13386131366
13818520795
13973209585
18717805228
13601699832
13472442075
13297558669
15900978541
13974547776
13917826089
13564430587
13916254368
15000689095
13732112700
13917818080
15274429049
15618313075
15921615312
15000368786
18707463867
13677484493
13918019497
18321930821
15889659321
15073564586
18721991660
17717576158
13524554213
15001728325
18717839296
13816776638
13974621689
13162652921
18601681547
15821429034
18661507955
13371640008
18907385073
13321918923
13908418189
18616550122
17740884783
15873591717
18915546300
13817618579
18616596871
18248788552
18673172539
18911201889
13636563585
18974667255
13812849198
15821162014
13501642256
13585503435
13761592568
13564180876
18858338820
18075737616
13917551258
13549692658
13331978618
13761567822
18607379316
15000577270
13917152845
13916628653
18616066771
13917168046
15921116697
13036758448
17507479756
13917065346
18917069098
15365388788
13661993071
13661925891
13064755155
13122585280
13916815221
13918699997
15073818777
15705278609
17375739621
13786609777
13901887270
15921872972
15900612334
15921845014
13874645500
13973948360
13321823212
13875480836
18075987117
15800383883
18073790619
13311729255
13917273481
13816067105
13671541613
13917437175
13818250254
15216659117
13764316533
18321268466
13787482946
13661586923
15921864438
13761733336
13127685768
13974106172
18711320228
13918147879
13816033984
18651087751
13817403870
15200666686
15007349299
15821807355
13311982963
13574961186
18721275256
13918341593
18058790988
13487782482
13301600371
15073421888
13661401162
13918499324
13611689256
13917689998
13817815170
13706886112
13003279630
18616200158
18273702339
13761855411
18623415757
13661897384
15115839558
13510023030
13917056980
18973870882
18506217520
13786327127
18317187076
15901902628
13391106080
13100368530
15026560053
15040659002
15692185211
18918697049
17717270707
18621628746
13375766372
15021676318
13162696615
13586685647
13788952753
13621633199
13818887632
18217608446
15107387725
15274537571
13564772287
18939953718
13907482992
13982753303
13917825236
15618070260
13795417777
13337231608
18581261987
18005746599
13916755255
15821908688
18721820416
18023757829
13818115956
15118978752
15367827731
13661979741
13917055355
15902189608
18516058995
15201953713
15902111421
17321113352
15173887988
18186124950
15874862146
17711644388
13538552119
15900426550
13661552976
15167190887
13876575523
13681794538
18907321888
15221421033
15618096645
18621540456
13795206972
13122646457
18205006443
13641687155
18621947878
13621722623
18674077125
13901885608
13625876113
15807452904
18221069306
18601651930
18974759480
18796129028
13707406785
18721506271
15618689699
18692072436
18574541658
17717504670
13918577115
13337386771
13761204497
13818466301
15000217519
15026788179
13681000649
13472872208
18702135539
18122372700
13387331444
19946019962
15026901590
13574294660
13311836672
13318984939
13585516901
18601632287
18615748165
18674752289
18474358846
18016450136
18121126515
18516106017
17305580333
18692006262
15800863973
18321061588
15000011889
13166163010
13107071555
13866829026
18964885770
13621755508
13973931326
18874676518
18161087940
15972140738
13816239165
18660267210
13761529526
18816555021
18210475987
13585666867
13764412399
13829128606
13818324748
13585514220
13816031339
13929491699
15900995158
17373776256
15900743202
13482121954
15821970116
18217287911
13681607741
17821197285
17721183409
17612146715
18217556995
13788928181
13816767830
13875764321
15921326708
18116196668
13873488696
15000223369
15385315818
13707391123
13636614701
17373215469
15905708667
13817683924
13606251015
13761666916
13917416668
13873050516
13564809537
15000156881
18975804168
13918941316
13818252663
18701701885
18367869668
15581202512
13482631038
13918111553
13817861150
15774157777
18918399031
13301803188
18217766338
13611911987
15221923076
13556577193
15507349904
13871199499
18152777772
15026842412
17752774748
16602164688
13036728068
18621909918
13599277227
18217766606
13611705425
13361850828
13901778694
13002158058
15355188458
13817308622
17722659298
18117001380
13812260308
15521035819
15116842093
15821256802
13817423504
15301679923
13918141223
13331803633
18010961069
17704037887
15201742084
18365078084
13141960125
17330058717
17373112593
15556700287
15084800703
15901949851
18918122998
15800621338
18117057556
13816036579
15673766006
15907477777
15367548111
13916992503
13524221975
13750675078
13761340049
13974686260
18930198008
18017213906
15921149653
17774307007
19921356389
13816893665
15399817322
15317759590
13818819414
13701783665
13397617982
13681795065
15921674838
15000089702
13818521011
13918866294
15021598081
13851382928
18397307601
13706833518
13818491234
13873107268
18665430773
13761192501
13013649655
18689806185
13960593666
13301614639
17773242253
15821673367
13764326264
17321017149
13761863028
13681850696
18621695287
13786706807
13311790852
13356781203
13973028520
13671999376
13661912329
18721844147
15026720778
13087206170
13601968593
13564907757
18321289846
13873371019
13818311365
15801748150
13611649728
13681986775
13122572621
18773807888
15800377308
17352665200
13818443395
13907444670
15080721993
13816711104
13661851661
13601937594
13816202550
15510057831
13701921713
18321848713
18721089553
15943079303
13701899706
13817922056
13651646102
13916094409
13524672726
13601859491
15921809297
13973789711
13917283089
13764836752
13764017309
13713852057
13973033999
18873368003
13985177039
13873685893
15974052748
15292051972
17701791700
13817631548
17689803743
13975926173
18053900888
13973560321
18601712761
18373431450
17775923456
13620096650
17621238425
18621583961
13391336563
15901637742
13897548748
13916594664
15581220000
13511106333
13761545335
18602160466
13817839091
13570617908
15921889192
15200238999
13512158552
17702189998
13585801556
17773713317
13795275445
18930152171
13874457788
13810695988
13311775198
18516115098
15618652625
13681850840
13564545182
15921020976
18621718981
18521530225
18673845678
19921079132
18717717790
13917566082
18939887902
13482472757
18229710118
18773188928
18820769381
15813821458
18673766555
15852236618
13916314925
13564001734
13875002107
18221831181
17707421175
13918255343
13817666619
13764411326
13381618360
13774450675
18684622226
17395631036
15601816706
15062621572
15618021810
18621586662
13087212777
13816109729
13681820753
15316789376
13564524108
15102105657
13817394646
13958125400
15801995516
18217786818
18995025806
13391009727
18932406480
13833610058
13574220700
15221311443
13381093550
13926942755
13917196856
18373861988
15121039215
18901748716
13968937797
18627980972
13107353908
13120631969
18017227916
13524811028
13918282331
13918031832
18516133717
17321312748
15811188619
15000469759
13761484484
15200709634
13122348758
18168988562
13607096918
18873658166
13957525281
13524056956
13122372952
18917430499
18175904385
18616223018
15221740577
15973861168
15907464403
13641891235
18673124085
18692933123
13044639838
13917768988
15902101337
13817528790
15821690361
18616280717
18601624182
13764633786
18025478680
15073233391
13917713555
15973079429
13761658390
15116881166
13816960566
18717830593
18521304818
18673739286
15921888656
18516289973
13764959796
17721310039
18874121666
13916699243
15874665888
15618493700
17363823067
13817216609
15216786906
13122363795
17775923029
18674858809
13661957963
13611920587
18975633612
13100312288
18975445055
15074488889
13816960227
18221666795
13671693159
13701202041
15226198886
13918193939
13162307252
18802187501
15801932886
13681699464
13916289330
15197751187
18916149986
13661663302
13195655323
17358864685
15921393178
18216003688
15348460629
13122932589
15021955009
13661651809
18221952155
13524757751
13816158463
18637109665
13564644466
18634665252
13162223393
15618630677
13122963736
15007384186
15821909135
13671649856
13918642813
18516158235
13524226993
18717713368
13310029380
13040680807
13367306518
13851664689
13402191311
18616091409
13627304109
18974067899
18817521398
15021869212
13873923388
15026589727
18673509685
18930201312
13636617441
15221195702
13127779856
18673213278
17775183969
13650919191
18621813536
18075719207
13641763185
15211601599
15221277678
13916681442
17378010606
13507306982
13901693161
15211842688
13818196098
13601752978
13817280072
18321455541
18017136490
18774008118
15951338040
13816653909
13973901951
13787511959
13761782956
13958627719
15201962256
13611870565
13327361988
17321167475
13317341717
18973166636
18801902434
18017197999
18616634919
18274321370
13966453665
15801714125
18616833017
18116128531
18273201737
13621914775
17373155021
17742570646
18962842891
18242755577
13764751940
15221900268
18975001800
13918709033
15821066758
13789189418
18702130517
13917757053
15755133956
18116307812
13807361933
18702161256
13807399011
13764007180
13585662903
13651907982
13601960739
18017007688
18711074155
15102148785
13564658816
18721724541
18918599183
18616094725
13764443597
13661419306
18175789618
13817341810
13816371514
13321981286
18163700777
18573465281
13166253661
13777072129
13916242505
17701780156
18655623836
18521321818
18601629987
18973416506
17752803799
13874277888
13311825557
15273045200
13917224399
18975332291
17687222156
15000014152
13507300933
18673278989
13681822524
13087369827
15575397597
18917646967
18621728048
13875673886
15279317228
13816066059
15026972529
13817998956
13918098151
13795332060
13321965167
13564011798
15931110008
15317362113
13917281381
18015532652
18802104183
13636577929
15618028232
17521311088
15096003700
13881689420
13901786048
13585664158
15907431343
13701660737
13621984815
18621857180
13764917411
13907357900
15502152475
13817499308
13301966970
15211796066
18075173145
18201835431
15921321191
15673464275
13816810643
18621180328
15316563280
13348628706
13012879680
13507388113
15000382663
13331858881
18873081314
13045675286
18817353682
18116401992
15197220181
17321331377
13816761902
13341900880
15211186020
13162787585
13636422129
13917629531
13873687134
18607392788
18916885632
13795291996
18273668183
13786222333
13148131704
13507334652
18626246010
13901759682
15576072222
13120886262
15873720998
13651802745
13332521143
13482561784
13817361918
15921827765
15821151887
17374528458
17807311766
13601924689
17717576106
13671643667
15626933380
13512123031
15042633925
18226050085
18217352202
15055900501
13918181953
18921808710
15173335836
13381888352
15121102221
13023224534
15990695959
18073701968
18049860655
13307492555
18512148986
13787461908
13974235648
17821398535
15219509115
18670413018
18916700102
13707336970
15211966106
17621439556
13003227318
13675892977
13816417257
13661614897
13974682154
13501753113
13607470837
17301824828
13916001029
13564338330
13806077188
13671741174
15888788890
15216782832
18616767338
15079408747
13816559847
13472482443
13916118166
13564510369
18317100761
19916736825
18217738295
18101879011
15618536115
13801782171
13564864324
18317105451
18019781116
13574828181
18817973389
18755163598
18321223972
15273387088
13787690307
13661576020
13186596686
13916227186
13122200988
13907344117
18797772606
18017667351
13337369393
13681824051
18930249390
18773287704
15618697769
13764468804
17765182050
17717917225
18251111113
13003174956
18807351388
18916688660
13969236712
13813759726
15502140681
13817594705
13873593356
13466690255
13310000440
13975085777
18616793333
13916635075
18916788175
13787642655
13641622429
18149777639
13681913783
13397332593
15821770968
13917203068
18717888448
15301659345
13918168797
13651757408
13761873006
13804070529
18900747777
18932161608
13687397499
13607355968
18267359490
15026505123
13611682826
13310050796
15601881689
18962301571
15800829908
13973197649
13764751587
13916730576
15921207602
13818526935
13397555721
18692530220
18721566554
13875588737
13908409158
17666009375
15897415151
13564999163
15377089689
15073237189
13671649425
13636512765
13656226418
18117439121
13816961709
18670879581
17621388899
18673700530
13762785750
18621736616
15021179354
13711553396
18964033071
18717844381
13973501313
13041603141
17717557507
13916495577
13917232261
13761261211
13725539370
13918858158
13429292580
15021101083
18627309691
18221928520
18074535888
13007447749
13816003241
18035933033
13715700988
13564390272
17601320399
18666613099
13816909234
18390505030
13524194575
13556881218
13676569922
18973289988
13671965866
18151093056
13524562380
18616986195
15173822428
13901757120
13866885222
18021739899
15800339312
15581099788
15216732088
13952911981
15273355538
17721134399
13817953591
13917786306
13671074119
13918224876
13017143345
13391294403
13873944456
13661429498
18930388003
13816406003
17717358500
13012817140
13671830677
15096151688
17821809708
15308412288
13786037326
18862580999
15575623666
18621827507
13807389333
15581680873
13661524182
15255193739
13774353197
13611969916
13916290762
13817913580
15988663266
13764579057
13675828240
18918821866
15356177581
13482727270
18925517988
13761785462
13621820986
13761109484
15391009461
13203263666
13585800686
13621668713
13044636369
18674823179
13918800485
13328131766
15201939089
18721353812
15801760928
13817324104
13667308300
18174601711
13816561486
13801917672
18355874342
13908462831
15900798558
13166221807
17317982651
18117282106
13278891148
18773589998
13973677011
18702103690
13795267039
15994488612
13651924696
18974773771
15026960093
18207455250
15700702080
13786708477
13918607469
13002166289
18051116790
18908422666
15273988978
15307372982
13817534707
18516244699
13607365578
17721008046
13692192018
13511104328
13761322429
18073789992
13575231466
18774255599
13923741534
13472734590
13651829996
18820804088
18018690818
18317109030
18201979095
18321945592
13818858864
13917476918
13817944403
15800879687
17712155655
13916036712
18101639955
15618920825
18122302823
15026754751
15343266567
13818399924
13701874503
18674819896
15377388878
15000335988
17707342668
18390352111
15951369220
18173230009
13968536298
13482591456
18321825523
13969693309
13686374688
18964398885
13360658169
13621659935
13257392222
17721081117
13661573973
15115438688
13524410756
18616313889
17377822220
13761107333
17502129982
18616842530
13916912157
18502109749
13641648364
13381995699
18673235118
13908444734
15026914951
15372372887
15201718851
18651329060
17301767779
13502619149
15929634965
15024527593
13764035555
18273830666
15921976440
13611890325
15900490018
13575188793
18721582916
18017881621
13973680405
15399901013
15802162697
15026613998
15000717922
13708887899
13761607810
18182041246
18273470006
17721387791
18121168200
13964313819
