18309618721
13020239720
15774559069
13762203772
18016021087
13973958528
18273012123
13041909654
13907386301
13786966829
15367606525
18521511921
15269726916
18717866146
15821565623
15613284573
18702158013
18373862202
18818157727
18673895440
15556931708
15579885333
13733663653
13916667848
18151402486
13472815518
18321748713
13711773220
15858872887
13975302576
15821636465
18859586147
13122037921
15056461369
15001888803
13511431169
15943653374
13167268156
13677379599
13524660512
13818076100
15251685995
15021126860
18816605798
18874545625
15902166146
17712265536
13908408591
18679868066
13166351914
15216862523
