13166035727
18042800306
13697924639
15895411980
18516081275
15221929079
17707375517
18692962776
17749762586
17740850411
18916431267
15707458999
15190724361
17336530469
17317929655
13761468804
13701869248
15580968818
18616350447
15021868951
18075908000
13391121376
18626027114
18721439318
15000371377
15921219829
13564922896
18852586454
18521591933
13142359060
13761006200
13167147978
13735548387
13901804496
13817546797
15601999338
13585931762
18974610488
15216615136
13007492173
13707425202
13816710019
13918331843
18721123267
13564499909
13761703862
13901659986
15580882088
13062779858
18390907997
15326689641
13759499088
15574439527
13817207200
13585793411
18616098276
13564668891
13873543303
18774307928
15985658560
18613927088
13907445120
13456163045
13917014232
13916355142
17601279827
13656200192
18616878557
15021789823
15316359808
13162990629
17774300579
13783647836
13918060148
15938982207
15607446566
18821865521
15673850338
15088756466
13798819618
18566400290
18201706185
17521559687
18217516628
18861263905
13621234198
13501837560
13167089645
18901997446
18817525973
17051020733
18174261746
13916399354
13774279439
13052105655
13761236202
15021824107
13701840755
17053069576
13816113102
13973720086
13973002324
18721416861
18551158357
13916961838
15801773342
18384177707
13524262552
18916257118
13576907455
13601854611
18001864677
13701773480
18501732851
13770823577
18018507778
18647432600
13875336353
18973731567
15897443173
17821315093
13918452755
13977296560
13788993239
13621970670
13062877164
13701903546
18523327688
19871287550
13764574936
17192175066
15221152311
18374878697
18670873309
13916151584
17369223796
13761375782
13776877171
18800246916
13907323658
13913910183
18301758440
15507925184
16621015082
13916778939
15367621661
13524659281
13166008258
15367858660
15821521574
18117570171
18028224249
18301778645
13636386750
17751278781
15301687672
15951333363
15976871112
13487429163
18073758336
13348728333
15800177999
18101899115
18918564157
