18216390600
15842980735
13873646086
15007304210
15873939388
13307403212
15115788937
13973864613
15674369293
18473707077
18007479218
13574414971
13873014152
18873462767
13974025971
13922998888
18173873776
18825194421
18273098899
15873759998
18975290458
13711664836
13873444282
18916788768
13728818474
15972440619
18673117033
17774420035
13327231113
15273182692
15575706777
17718983777
15507341857
13875745100
15673857388
17873080888
13907396634
18506476609
17788900191
18890588898
17700578911
17373930713
18166198888
13973067302
15073912595
13875409793
13873817930
13873732028
13973267353
19973516988
15907359992
15073563888
13925038220
13503049203
15576706888
13975853876
15399711303
18975185070
15973935188
13378090701
15211911840
13925762855
13902962671
18974539955
18507359685
15197080234
18673071778
18007470375
15573543999
13770315585
13907379341
13574001428
18973061428
13607400989
17769262228
13580936808
13517440953
17788932045
18244710077
13787719993
18173433903
18075939368
13874355538
19863338357
15096256718
13307459523
18007421877
18570649193
18773360088
17374529999
18285645648
15880838898
15111665130
15074402363
13077065666
15273645848
13469183780
18229704621
18173621007
15274935458
15842959366
18397669515
13973350339
15367383056
19973727151
18973018432
13607463188
18873070888
18007301313
13387383777
13873413456
13307346688
13332531235
13036721388
13786842324
13162430158
17773272865
15073306836
18397529950
15273886220
15773810505
13786857787
18874036151
13336920333
13332502899
13469342091
18027544686
13929226357
18711483988
15116700472
15576728999
13521975298
13907400123
18673630498
13873659822
17773998333
15557178908
18001198811
13575040023
18975785536
17650020052
15116733222
15273210188
18273407608
13961745858
18474616666
13875131899
13875002488
18973778080
15343267555
13875556789
15273033330
18073659317
13973919499
13607368751
18670865858
15367593388
15367620886
17773448330
13973265888
18692792888
17752628908
13207427123
13017104276
15622229037
15673759037
13604740288
13607470288
15115688235
18772486902
18673783552
13620981770
15273279029
15367035222
15211199738
15115115108
18574356056
13873666166
18974603165
19976754688
13600151964
17373940733
18143391896
13873528987
13135350909
15173491854
18173952477
13707342325
13559773177
13327343603
13556778602
13707302505
17700208999
18216272222
18675888823
13789003313
15807320272
13278819572
18397758899
13907439551
17773115283
18907359228
18907359229
13787157564
13794846888
18974152562
13303725987
13510875123
13107096277
13381005755
15673292818
13873888487
13510687936
18611798540
13548829459
18216075559
18173089888
15526003888
17375951650
13085465948
15907428550
13187268831
13317493618
18773918969
13802391686
17752627779
18874496777
15616838777
18673106678
13912783226
13397321698
15898549865
13724662550
18692000002
15074809566
18107372809
13574685608
13618419351
19873700516
18473788888
13505031555
15096014921
13204990091
13027378888
15801361919
13907319996
13308444548
18975296600
13762097774
19807446498
18897485195
13975065695
13973007128
18075651198
13786789491
15200868699
18677585177
18750127110
18942020851
17763695268
18900740961
18163872100
13466689625
13575135082
18692290683
18932175151
13376799789
13907357776
18973377936
18974672819
15576378600
18873853395
18397307779
18673219099
13327346335
15012740807
13548985165
13822819575
13037340000
13728195197
18673330200
18670595988
18075680269
15897359118
18173361579
15570888838
15116803344
15197129557
13907396455
13337310388
13787461884
13467746666
18673505658
15173571234
15973506320
18216197666
18974597888
19907450935
13327227877
13307351866
13337273131
18573772228
13874676899
13575041615
13874053118
15307380210
13017337213
17307457777
18570506095
18390136211
18974667571
18152879961
18975751828
13908450189
18573815888
13226630686
15386022794
13762235542
18073265966
18773999136
18618181659
18173456925
13016133867
13549569863
18608421882
18773598833
15074296631
13807441055
17378208379
13506669640
13807392777
15673573555
13873573297
13973548983
15074286222
15043680416
15080896555
15348457222
13407388063
18942060666
18975639888
15575730111
13607378408
13773808580
13873808580
13873471077
18807399888
15869779286
18175886350
13337329218
13973243457
13574900473
13574034059
13975607889
17373036333
18347088937
13548593191
13875217372
13873841121
18807322020
13590144655
13574619658
13974472138
18674872772
18821861333
18774578888
18973445843
18397753858
13617456050
13973405699
15869977685
18173297108
15074591087
15886490334
18873268881
15173867849
13907341181
18670239999
18073326993
13786251588
13786251283
15073873778
13789074555
18573405398
13397523885
18607390520
15274706927
18975520855
18390597808
15007456677
17673141215
13141715489
17347502382
17373911752
15807306155
13243639888
13974397088
15115942359
15073020477
18907469230
18890784707
15197595599
18670661616
13077048778
13574074088
13874711588
18373497771
15386221879
13317333733
13786220822
18216191958
15869988721
15307463333
17365751333
15173832077
18974005499
15574807555
13755023666
18670201888
13798335792
18974735777
18673416684
18166263320
15010457395
13973600539
18874478858
18673816572
18075928752
18907390521
13366230066
13548854028
13100395290
17773502228
15074032111
18152786518
13570496016
15874645998
13907389688
13332585936
13973761880
13875670707
15576241999
15873893789
15570828118
13975555370
18173484999
15377478418
18974550983
13786068388
15273069188
13554937183
13875958606
18574607181
18229980232
18373968568
18373330672
13973638383
13873982858
13575296318
15377359998
18673208180
15386078286
13574332333
13170306297
18397679779
18073925060
15386389770
13507381088
18873853733
18152620000
18573508222
15343359655
18474680617
18975788881
15873860839
17707462688
13975821383
18773055288
15580805500
18642009322
18075926002
18624010868
13270716161
18973335577
18907415271
18075707385
17773713959
13975937288
13874611529
18807333398
15074666999
13874607080
18900799055
18973505899
15073873373
13873851111
15507341025
13387382488
17774600062
17742576890
13762606333
18174678090
17773091119
18975216068
15307398688
13319578666
15774122112
13037322142
13986078663
13975449405
15575264772
18574578991
13707388231
13469480419
13317417538
17711682090
13907376271
15573833000
13574960018
17773391888
17707487053
13921548825
18075631688
18507386880
15673822188
18075511590
15573528386
13487707899
18975495279
17363851911
15211573876
18163886060
13798270566
17369484879
18166218891
17347026371
13327367198
13272378999
18807389988
15173889488
13907442666
13973813899
18229107683
17707333132
18975692972
18073861399
17363800477
15243898095
15974067512
15226352276
18107466158
13487880645
15115568366
18107348888
18607347171
13397624087
18975732988
15869821717
18390091191
18152641218
18075806916
15873792184
13733073876
15399857311
13697488641
13875577096
18900760296
13973260058
13093787110
18679153103
17347588080
13874380767
15116618811
18973032782
18973802956
13786888882
13574062296
18674692988
18873802288
15973589477
13874398621
13973915967
15386278173
13874678088
13319689488
18973074488
13875581905
18273372281
18674686588
13974659930
18975288181
13386101316
15207470779
15243805399
18692120850
18974638897
15869883149
15073075505
18859735593
18974617374
18373819926
13973816110
13786622039
13487658958
15173829365
13973409999
18711817657
18711817676
18670370688
15873857388
13508442438
13907306435
18175869530
15575202777
19976919836
13257433836
18627102095
18975555399
13762816981
17377705877
15173968666
15173452710
17673491010
17347076093
15074777393
13807479993
15080834577
15073409799
15886400909
13829138706
17773649778
18821888388
18173711230
13921398532
17774376558
18974492770
13317327666
13762586778
13807347133
18627333606
18673395233
15173404291
13975735028
13607476717
13037458998
18573878557
17363825678
15575005177
18373308000
13786037656
13786037556
18274532588
18075991300
15073797800
15377388788
15173560389
18182019418
18674551103
13819509949
13087288203
13875225253
13170485688
13707331380
15973362267
17363756800
13874810157
13874149729
13707349448
18908930008
18073831785
15616022526
15173513666
18888874207
13347335973
13203187163
18007328831
13789108308
17774456007
13807385008
13237380758
18230698191
18173290806
13203000970
13873020601
13786259802
13638422268
18169289000
15274790245
17673644312
15273822751
13077046688
15107374107
13786258059
13762786022
15207382583
13789164716
18773476969
13517341895
18373700205
18974038222
18975257778
13973379888
18873456706
13907341823
13807388227
15888567789
18680602682
18873569889
15873541551
13341389687
13607444260
18570406789
18773851113
13337226772
15207478166
18607398860
18932170768
15115864058
15873884168
13789212317
13974688813
13510398728
18673804638
18973091297
13317328595
18890220163
15343039882
18674867206
15502500777
13874257571
13875433526
13974790190
18073219582
18974543555
15625877568
15074425838
18670740454
17377992010
13407384333
13874189973
17773250732
13732276167
13879354621
13638497352
15173033298
17375185428
15660288555
15576706000
17752828177
13307309926
13786087102
13873035449
13973085471
17707458631
13874426803
18229953773
15197033789
13407333638
13632855807
18807388848
13973660012
13767057055
15273028777
18670955558
18975458688
18673796588
15873895896
15197319973
13928992758
13510241882
18674790209
13607323107
15526174306
13974285888
13821566690
18229286020
18107397876
15580991588
13973722708
18373803890
13548837628
13807343888
17377822226
15115355511
13510548586
13357290111
13786368259
18711420783
13974563906
13974506206
19807381988
19973730006
15873786300
13575191298
13786088417
17363981171
15526070601
13786375678
18573027899
13973963346
13787067667
15338881296
13538881296
18577768488
13875002988
18657412355
13807372977
13875702222
13786871022
13873085698
13107414995
15073811587
15975508929
13017308887
18873808865
13873372113
17347021697
13507327810
18673541782
13365848866
18075952868
13928469731
15200559642
13135303073
13365856722
13650261111
18974988999
13901298413
15886407565
15307343622
13487378123
13789396000
13907363753
13973628308
13055133088
18107302381
15173415121
15073888789
13607358685
13873802121
15080806012
15897392145
17707445553
15502586888
15573728673
18873896578
15507436888
17397391928
13873949859
13574492411
18169380168
13397677117
15607344096
13787505460
18074581788
13574488448
15197407192
13510574857
18890101530
15874814443
18873711312
13647374278
13907380475
15674477777
13611126086
17680418487
15205988111
13387349000
15007412992
13974242233
18974724444
15874006202
13762715088
13723883188
13973461459
18073256466
15773958805
18107353456
15502556799
15243817766
18873967549
13975029115
13762514398
18373287900
13874009561
13318336108
15073453555
15570805290
13222546666
15873351737
13974255938
18773868160
18573868088
13786052389
17607433983
13973322400
18890221998
13017335141
13798475164
13973235630
17773852280
18173232200
13017371213
13975084799
13907306916
18873897318
18676766561
18607300882
13873022198
15973809481
17673260905
17773834877
15576608618
17373721177
13723808078
15197808288
15580288686
15367447898
17375633939
15073151125
19973061866
13337300830
18173761868
13099196965
18973721233
15197778813
18613998266
13077077707
13298586338
15074211298
13875199414
18873061389
18073722547
17308469778
13907381919
13975468206
13873708855
13807353061
15873967936
13574615310
15200748432
15074311066
13875501321
15200310031
18598921869
17352687612
13973555113
18075936771
18397710343
18112657827
15173688499
15886696168
13612928996
13378991955
18070405143
18073405143
15252506799
13347389779
13055148390
15367290168
15386245580
13786774368
13874698897
13574652450
13327323535
18973812958
13786819732
18152894488
15914691886
13762410403
18507323456
17769433680
15874361680
15084722265
13016150218
15115059333
13975232503
13975228831
17718910168
13786250525
15096285537
18262067806
13378988957
18975037222
13873242078
18908480986
15073133188
13405160537
18007442688
18573030657
13007353111
13789056661
18673489888
15973029739
18821834049
18273839329
18974737898
13787738338
13973570667
15074400828
15207300710
13762781688
13787004370
15173359878
18692984109
13875952228
15073741633
13762822277
13187305141
18930274386
13875526411
13575126987
15111263825
15307340555
13786667718
13873014600
17336666658
13360785555
13974317051
18573631612
18607387011
13875479781
18890518053
18216450030
13974018498
15386140001
18932176818
13342531313
18975270522
18873222111
13975360777
15074964728
13548800833
13786857671
13548873369
13975797193
18908400123
15274247066
13873208955
13537742558
15073388808
15273726316
17770988721
15211940146
13507421974
15273321111
18975205299
13631510099
18163661987
15116317275
18874538823
15115835616
13973626111
13873619897
13823838245
13974599950
18573118611
13517305463
17673911413
15012895759
13975566507
17373230886
13762230807
17377819220
18692731954
13378923033
17807399001
18173809203
15873304494
13787300864
13517325755
18774753706
18073131038
15973116100
18973857700
13873859274
18692838818
13574463688
18797657608
15074840719
13575250085
15581665912
13337358778
15200816321
13957168780
18975002681
13874264236
18216030576
18773869710
18900753188
13816625913
13575151618
17307451991
13875321699
13607361082
17774465918
13973467858
18692877887
18173407686
15243822511
13973260888
18108625599
18975263015
15874589305
13161060060
18273008267
13975036067
13626629801
15950956908
18684981137
18310418535
13807454431
15211281773
18968333678
18768333678
13975428682
18673878980
15115889999
13378044968
13723897066
18932163777
18175930920
15367077011
13574944722
18687484091
18873777878
13341349393
13337276113
13637377770
18773979698
18973861063
13973470598
18973388132
18670658101
18198089476
13107391096
15898596677
13873165120
15675463994
15174318503
13973360860
13207385266
17773059456
13574794329
13574232123
15918766988
18815063666
13575376888
15200556688
13975299188
15576448285
18692169996
18692707270
15211474575
18175858973
15377373133
14789132264
18173324076
18273366144
18975599939
18166158430
18908071912
13574318699
15580488866
14789515555
15675320098
15502569802
17373479777
15573813188
13517388165
18673982348
18390607593
15071665550
13548906988
18873576677
15377428889
18613904444
13607392043
13607328862
13762312135
13973017708
18907398002
13973572131
15107382228
18692809899
15073021665
13397991888
15842888108
18907303953
13141954833
13017212111
13007378643
18075940789
13789131988
18684593438
18674553033
18502377325
15073313775
15073313776
13974520520
13617451622
15651930419
13813864352
18692032912
13873670400
18174538337
15575523265
18174609600
13697418385
13077061406
13875602582
18607468712
18975741666
14760787777
18674440099
15730339706
13975426681
13707432036
15377332501
13973445748
13873809230
13387359910
17773372502
18975366009
18974061118
13786442000
18607343333
13607346626
13973341416
13807349508
18773591777
13922529781
18286079261
15576409560
18873950505
13077778518
15197740145
15115873292
13875212612
13349610658
18774691832
18707461832
18975409999
13787512658
15322449543
13603069092
15907906388
13787715198
15507341150
18175606270
18593346237
13357337840
15207045000
13617306573
18907448477
15074091588
15115863353
15807438496
18670810888
15507341662
18674400110
13787608698
15873820280
13348786865
13348789933
13973832335
18975335980
15115135333
18122137680
13337325003
13373325003
15348380267
13874830219
18274034446
15573454049
18607457865
17674798933
13873933061
13975625812
18073817333
13973709069
13973362830
13786327100
13100330266
18684588588
17873085555
13647480144
15898545088
13787985059
13548505828
15973359766
18153308933
15657118613
13165065588
13925815127
18890586899
18670938688
18574576886
15073975123
18607381126
13973836987
13807329002
13508447766
13017120895
15080858037
13973903609
18473327876
18711230928
13974443601
15200312988
13789009977
13818916471
18670471777
15343338325
13874156984
18073768778
18273706877
18229685678
15399739773
13973940778
13924158008
18216477377
15115545222
13691877307
18673055587
15873315559
18175502997
13621326702
15200250090
15073025654
13907305847
18773207328
13975277525
13607424406
18711830518
15675664437
18674716090
13575293522
18173331617
18073415588
13973798959
18975377368
13087323053
13574406580
15573424940
15343049643
13617355557
18507355557
15074139080
14773634350
15292027798
13874851069
13974096218
15907354274
13575033684
13387341555
18073082323
13973208896
15111133240
15111324057
15576919275
13360468539
13637322821
18692156766
18390525988
13187000111
13203350378
13617331623
13297380678
18374272396
13508448210
15115267527
18890590610
13507325757
15869990680
15657378377
18373282038
17707328158
15080829988
15507341613
13726014666
15007332233
18711705807
13974051167
13875480303
15118157505
13510966616
13807469567
13378025336
13607327770
13557855055
18073060601
18774809688
15674612622
16673905777
18152705888
15080710105
18670279989
15200601311
18153815701
13973393869
18307387400
13974560139
18229591229
13517494255
18873887888
15107691072
15873806768
15074600388
13627409866
13347302888
15873466285
13607481151
13975000749
13574021068
18397595871
14786565803
17783139543
15377332223
15817412077
13786341189
13973389058
18677164657
13798282872
15197413553
18773499709
15973416510
18175577191
13917306850
13875203035
15107399366
13521453389
18874693411
13637300856
19976765767
13973258789
13272117666
15616565472
18073908020
13973344069
18674665300
15907460550
18607334057
13631513890
15973939803
13973378669
18673084508
15574500005
13487995631
15873331195
13520348568
13575218508
18670925006
18607386611
18188936000
13973066496
13875660600
13975897939
13873126236
13974706713
13975732992
13007376027
18616513418
18670014556
15115359151
18974849555
15673611900
13077182884
13875508276
13307471456
18074680996
18074625376
13975787332
18692111983
13873027746
13874178189
18516118850
13975786848
13574034218
13975261408
13507329007
15111160299
18684812236
15211639195
18073030556
13367307999
13907359582
18673351293
13786321569
17773519522
15873831400
18873817798
13378030697
18873655453
15807372766
15907340033
13786314281
15074200998
13650135088
13637330239
17775656977
18974613223
13907422189
13973330794
18974870460
13387416662
13418129412
18973094396
13874871540
13517390997
18975218518
15616698414
18821929223
18607306568
15080953899
13319594333
13973981511
18274933917
18673621623
13662879866
17607431666
15575685559
15907336688
18874349187
15307452511
17773503990
15174392666
15688213666
18143382555
15173064999
15367370574
13973689028
13085437098
13973860178
18670588189
13874133021
13357398811
18925303140
13973007717
17749666218
13187185585
13397581386
13212260687
18175921002
13367352282
13087358787
15673586473
18873867379
13318712970
18673911984
13638496337
13117580707
13517420090
18973325943
13702555498
18673356098
18198350908
19918338158
15388028151
15874491119
18602518369
13189222799
13973941699
13807372855
13787611777
15873357886
13378928559
13607335733
15673390077
13975757005
15607301133
17373546668
18075856633
15899811111
15674218888
18973265927
13135127777
13348721678
18175955777
18173201888
13142286267
18684813653
13187351313
18975231658
18074336466
18153826004
13707381553
15115346878
18674608180
18674500635
13873954949
15096181913
18073517892
18665674021
13973569988
18244825228
13874082075
13298549858
13908403798
13707399418
15367749088
15674486668
17707358378
13786670539
18673282930
18173903981
13789004777
18975670658
18974666869
18974695176
15197002131
15073777080
13307726844
13973056518
18570562886
18807358818
13341303530
15273391888
15115943216
18973750725
15874757666
15074002926
18974162888
13469019118
13397527299
13973298170
13307472747
18773867810
18773532717
15367789883
13975581421
13975799193
13907334655
13786782143
15873560333
15292290872
18975315082
13397400345
18673005220
15343055199
15014033556
15080916655
15243987388
13807473557
18874886023
13906968191
13873565500
13317337168
18974154983
15173827730
18022085885
18974435187
18873295523
18673980266
13617390500
13874159696
15115786998
13873027742
18975682666
17670964418
15526280289
18373592689
15115101973
18926963976
15989051446
18374729998
15197808006
18973370718
18938698657
15073662999
18569663000
18390889899
15107428508
13875010511
18229166372
18673204543
17307321386
18873880381
18692707951
13487796899
13337388820
13787360001
18676156996
15174467868
13973826082
18874329907
13660326858
18274677607
13469218569
15673586243
13874131822
18166295811
15873500767
13347292898
17773182098
18516192266
18478335455
13510978195
13574308770
15886573815
13487885420
13085472988
13787224769
17775666525
15107377158
18574540656
13027464866
18627679993
13548904979
13874586511
13607338635
13973399381
15873060087
18173302631
18173302638
13807350054
13637357439
17608483893
13974010193
13974048979
13707429730
18973959686
18873028888
15973666318
13974210269
18975909966
15712087123
13922517265
15673875655
15675145898
13507309102
13975959568
15974162798
13908421671
19973045566
13975215237
17716701676
15867382166
13487553739
13637333036
18907320398
18907390202
13875429039
18166272345
13117448628
13958183389
13574604994
18574540658
17773607766
15197169788
18163898683
18607358444
18917038118
13332580018
18673505588
15607301110
18075986367
18075191919
18107449222
13574262557
13407487168
13511129588
18873381736
13874121114
13337292817
13786363765
13107359151
13637367448
13807369760
13789208919
18173782021
18216060028
13922327048
17373977666
18973550877
15673518545
18474598888
13789119170
13807329153
13034892175
15364117766
18673806062
18807389918
18973850999
15874316618
13357253639
15173441121
13973934444
13973961583
18073511110
18588545356
18229450987
15115983766
18073548957
17776303321
13574772807
13762887208
15197299887
17872538999
13135078888
13507320011
13272396933
18975368881
15387468188
18273116180
15073902870
13874529796
13006812896
18073232233
15200500009
18273349999
13786935781
18073093066
13467872681
18573028828
18673617188
13816722199
15387300865
18684519960
15873211231
13973719737
18607455815
13327259218
15073763008
15073700168
17007383666
13187390066
18673992666
18711253959
13873994444
15197704718
18821998899
13573986860
15080948880
13135105775
18674425280
13135195765
18075971590
13874628258
18797576367
18665712851
13875729988
13875257855
17707392628
15773536502
18692509388
18692100802
13786074806
13975077237
17707305030
18684801567
15576311890
15973337847
15573498183
18974786911
15927877888
18874389809
18973701089
15273838050
18163937771
13262982505
13908405281
17573045126
13574078105
18273711343
13007324207
18380559596
15328311522
13607479868
13510585159
17375522333
15348329620
18580428008
13575284777
13974120707
17873277777
15173917362
18182050360
17382068288
15367558288
13973336220
15673960799
18153320588
18711940578
15116314902
15873965636
13873530803
13602760067
18975251333
13807309318
18062000959
18508406050
13973254283
18627668640
13973595539
13617330889
13487674728
13973351517
13973518010
13034870003
18673805213
18153769975
17700249922
13974665001
15273806767
13174285988
13260895933
18973225700
18627538077
18973377947
18673558139
15348480970
18873002698
14786688811
13968882783
18607386960
18817023398
18673982678
13607320360
13574369179
13786369638
13037391202
18570348012
13574983882
13298627066
13875213213
15307322847
13873358882
15517000071
13636346292
17707443387
18924550725
13702485056
13908439778
15080756664
15367158577
15007470261
18873900171
13917121768
13807413773
13549542663
18974081369
18973597455
15111591816
18673973908
17775688188
13807329967
15173468897
18975297097
17775172323
13762223880
18073910585
18613932913
15869857993
13789082200
13876093823
15073352332
15073838550
15211545252
18107396201
13077004076
15773867888
13762707222
18975566868
13574384631
13973023775
13762264331
15115136228
15116736629
15526314328
15197106461
15588887173
18601418369
13751262621
15675143213
18673082551
18929305080
13607346698
15115429671
18897485829
18073126228
17707323333
15869771013
17718930731
15898530075
18073182995
17773758222
18511506229
15973719810
15074907688
17373708810
13950880338
18390588908
18002068210
15197535898
18627353358
13117439191
13657335811
15807471288
18107328688
15197979395
13723868698
13789377585
13975829456
13307383666
18973730138
13197510746
19973220736
15211203813
15173547451
18932477117
18711718278
15399880057
18173275000
15386023884
18711226485
18957475737
13975438000
15074318111
13506808174
13873471985
18073981799
18673065531
17347506909
13117322223
15211999661
13574980626
13975325253
15197566668
18664337720
18873406716
15873328041
13875463378
13974678681
19907321365
15675290755
18173390405
17375166566
15367647999
13873341172
13517354707
18975592528
15116093050
17774622229
17378086578
13467372213
18175507666
13007415580
13786107269
13973526111
18390391439
13607340203
13973416697
13487404805
18670955448
18173712899
18173712699
13517334784
13973401222
15774135614
13297333327
18073188196
17397326163
13786423333
18670719789
15907391551
15387348777
15211897711
15873293773
18175920270
15173722036
13975938027
18273903598
18874211493
18825187976
15073045757
15773441961
13574256604
18153326603
18610119752
15386174366
18975671610
13973558765
15073937772
18973505825
18374608899
18904357296
15273798788
13055115678
13555115678
13762204998
15526434666
18934716016
18569059456
13874788683
13874873034
18975208766
17382129169
15973968109
13327278808
13873479889
15211935581
15873487266
15973900121
15243700619
13973402953
15111522007
15096333433
13257307777
17373233337
13017354069
13874608908
17369226520
13875083057
13469479097
18073002131
15292126131
13327397385
13707430177
17763720303
13867566735
15116368488
13037392555
13007393651
13693542636
18673055020
15684952702
13973710636
18673713131
18797408008
13907368102
18973334832
18907331865
13574165567
18174337793
15898439499
18974980788
13873470042
17373389308
18674712004
19976920297
13873958386
15210283354
13270650409
18107393329
15904828721
18574412388
15973365258
13469385599
13723892666
13397695772
18373272038
17707345277
13637387801
13207417888
13975137143
18673514495
13875867912
17773706906
15084782302
15616989777
18873238213
18073851079
13787553195
13973904612
18207304180
18973532820
13873299261
13507114433
13760142101
18873303765
13348664033
18673993000
13762000568
13907301801
15180967559
13974700539
13285771869
18900703119
13975358500
15307399138
13762871987
18711318088
15273838808
13973681411
13907336876
15874753333
17773159338
13907425287
13873691781
13007467333
13807413580
15505295769
13786791502
17817206555
18673432587
18797722728
13453433040
13875503132
17373904933
15207416688
18973886866
13707399163
13762213011
13341345999
18075795928
13807439767
13907373016
13607333175
13574310198
13762818083
15873220510
15074323087
18229175527
13365815501
13874254449
13873507261
13922110080
18807381115
15973876599
18773030572
13272141145
15907415368
13243685809
13574786188
18673231815
17373289567
15386235867
15377419008
13337222268
15874326575
13789268684
13975395399
13574462228
15307372220
15197725488
18873322987
17742575577
13973605591
18675550011
15575700099
13317470831
18973879367
18874500836
18821868488
15675202881
17752800188
18973731159
13973396820
13922875980
13762942656
15919716898
13973572303
13762405670
13786933357
15150573749
13017229102
13397558166
18711631510
18166225013
15886316966
13973301290
18874566588
15575725222
15273683656
18073527055
15274835280
13875250089
18942010000
15573930921
13607390819
18174601234
18673432139
18807456677
15084836225
18174688087
15507469895
18797543214
17711676888
18174313571
13974003894
15873387485
18273495569
18807372488
13467304618
13007392723
18073007889
13762747899
15096115600
18673381681
18773348183
15575221668
18174664991
13923251048
18684814415
18973037062
15973313003
13617371800
15173322811
18973333758
18973332758
13924192819
18673273144
15211105876
17373301203
18670879582
18665000610
17774470803
13142379517
18973030100
18673845237
13367356601
13789397532
17369261263
15874695698
18175561565
17752663333
18607382323
18229969181
13823549705
18874295880
17774659952
13349636115
15700767888
15973426388
15073490188
13873838829
15807331026
14760787636
13687368399
15697399992
18674431393
13975939383
13077170609
13787685843
13973034347
13142311145
15367038301
13873706469
13973282053
13055083072
13973587654
15898502618
15973875551
13762754829
18973333162
18973457887
13222799936
13907337078
18973400156
17373279888
13786888481
13337226839
13975265077
17773361960
13317331997
13789131514
15573758383
18373765709
13602517608
15197214446
15869972456
18684567146
13397549853
18390235200
18975316778
13973731100
15074390106
13929679919
13574600081
18073930358
13590255360
17373283505
15243825037
18676232567
15211765696
15197165966
15074791988
13387346119
13387301378
15343349693
18153810305
15348327152
13710997260
13317332324
13810503616
18907340022
13085402898
15107430678
18574555555
17605549888
13707431222
13517398289
17363773177
13617391372
15377396868
15274028188
13973711522
13187008799
15807329737
13975268441
13907377901
18616589682
15898509403
18873311227
18932491313
15115335051
18153817899
13387331066
13085497317
13085497313
18907372565
15921958393
13332525656
13207305634
17352684448
13647329695
13811295096
15869779659
18273036797
13970985930
13970985933
18374115627
17607397979
18711856832
15675206851
13873828898
13077002905
13047231378
15886544846
18670084040
18821871087
18173075448
13873208873
13786284748
13975985748
13975093400
13707454340
18773701510
18692193412
15197716888
17607453213
13762903888
15873213020
18890503398
17773827888
13007370928
13507398300
18924330829
15073316686
13755028336
18797489999
15399703062
15074696018
13203155367
15243803533
13549683255
15311590018
15570790309
13975954321
15807461170
18374209828
15869925731
13973761881
15200371689
13728241691
13787998847
18898453361
13975999260
13508437201
15973334933
15173086333
18007412861
18173319578
13607382857
18073111197
17774653665
15116615173
13607477419
13327390391
18073356069
18673982266
18517416888
13973225788
13707320440
15111526188
13973954075
13873820268
15574020688
17373789557
13347233099
15898499998
13973380539
15115295668
15367378498
18974558035
15307389836
13928464832
13574098985
18573089698
13975393673
13755175515
13707499904
18673522188
18152786292
13786263416
17347399909
18074541322
13874371889
15869700931
13874139039
13786281793
18173379797
18807437773
18873315711
13243894471
15197877000
18673230540
18600054043
15115333222
13607327777
15002604018
17716726530
15073015500
13974170908
13707395654
18073096466
18873766881
17742571466
18973740880
18153306248
18711989753
13786078888
13787453649
13786966897
15717390213
17673488619
13875747589
15874716042
15016708678
13707327267
17775817982
13575289191
18680326232
18670051009
13973900626
18807355777
18173461886
18674728615
13510304501
18973546108
15096100608
13738440884
15874454050
15813810930
13308488900
13036712025
13973990000
13975394389
18173690157
13786831500
18998448983
13973950993
18973050727
18173305870
13873564398
13170415205
18673006776
18073741088
15068082098
17363731466
13348772990
15173266787
15873190119
13973338966
13974333727
17342657888
13789026990
13974160013
15873057575
15673833221
17670513666
18973810885
17307431086
18975387997
13908402412
15886498978
13762426542
15307330738
18773835598
13487377924
13875775966
17775929050
17708495956
18673498898
18807390921
15773290981
13973377776
13873368487
13707342188
15173396555
18670266887
18670802503
18975053712
18684879813
15575522228
13397525666
17507372205
13786914039
13467498333
13381359903
15211036588
15073912738
13973534213
13342531234
15200435653
13807451323
15874532169
18569072650
13307341978
13787137655
15050839978
18873005566
13875629117
13873452616
18373846677
18975528043
13786012315
18975472170
15074038883
18773973830
13910322288
13357378068
17711690660
15707461199
13548898582
15576013083
15973965787
13873957763
18075672818
15899899897
18673903727
13875951112
13107292966
13348789388
13618447088
18873413053
18692224831
17307383688
13786557207
18973528272
18673351527
18173667585
18944923451
15869835706
13874094008
13807301000
15197335055
15576333115
13807380250
13975668172
13789219037
15973376592
18188932888
13874905537
18797787862
17773856543
15073216999
13973325555
13873900429
18907358558
17773531976
18818996103
13637399106
18373110927
13618433033
15507302100
18173377756
18079535899
13247102553
18574624666
13295537168
17673959991
15107304234
15073205710
13170456695
13823603646
18173452660
18175740987
15073360858
15575570874
18650957733
18508429394
15874800096
13677439596
13787524315
13873737598
15096188168
18673591999
15386322185
13574074377
13337383300
13762564184
15873902971
15307346147
15580712721
13077399777
13549535828
13487398572
13973671768
15873982148
13487773818
18229823337
15173220388
13272287288
15197549372
18670037561
13874036305
18973761996
13673452609
13787381533
18774567273
18274716666
15723235656
15080708120
13874052108
15813518469
13786498868
15717349401
15073239078
15802664568
13312937033
18229187057
18073797068
18973782089
18007397288
13973729802
15074020205
13873812033
18807909123
15367028585
13975999922
15869880331
13789356168
17347037516
15706804910
13973268052
15874423638
18550107278
13174206168
15084972439
13638493626
18390715018
18975238615
18973915670
18007397563
13873218199
13326796967
15073302363
18867430775
18607307234
13873921098
17872739885
18074460536
18274703390
18973265599
15111565522
13162206683
18958580161
13308466789
18173335752
15173770662
15173318111
17762624886
18973293205
18973261950
15271317106
17683775978
18973262721
15972180879
18975291683
13677842555
13874593188
13786785866
13647374795
13874636596
13487404998
15673914777
17507373518
18073723378
13973205467
13762702398
13574245102
18692062521
15973399845
15200785168
15973791772
18873585021
18612256360
15211905922
13973292401
15886467350
13807411640
13975338488
18273072660
13549520202
15200311003
13467979861
18397629888
17375515611
13762325657
13787892738
18374197779
15273279293
18074507001
13508444633
13973607063
13503008979
13397595676
15387593353
18073039222
13873888811
18216059854
18907408199
18618323310
15197456727
15973399852
15197902128
17375661333
15386121001
13574948091
18674851888
13007391690
18566683549
15190562252
18074598635
15675809244
18973020880
15116670001
15116670011
15074847999
17773031110
13875868328
13874379768
13786791630
15387398698
13638445658
18073313119
13875869893
18666898087
15821796297
13816409585
15116510777
13974618108
13365882720
18670731831
13347390012
18373946292
18684848449
18107359686
18229405111
18682126393
13807391571
13347383800
17373395323
17373395295
17368977758
13787824692
13469106299
18673330602
18173334196
18688773991
18075540312
15107420668
15007423783
13973302064
15173985566
15073276486
15576704454
17507352882
18673530001
15575077229
15675388007
13307312389
18374389888
15211192432
17673869666
13087225777
18374632136
18216233816
18907392222
13337335666
13875279696
18502124949
13973681591
15898450888
13875268953
15869928690
18707381588
15386190886
18774931319
13975555088
13397399929
15873946815
18152792500
18373701370
13873553196
15573415739
15973336800
18975207773
17363997528
15660249888
18007380901
15307450567
15197152670
18705793116
13825763935
18974716666
13174219333
13107184720
18015995168
18907346462
13186970380
13786979380
18673310794
17307398851
18182006578
18166131285
13607391580
15973702852
18107391111
15274416055
15821007008
13974305958
15210171562
15115944604
13787773260
18670941256
13207110615
18975288605
17773258425
18074606311
13627379158
18773398788
18569096012
18673385188
17373087666
17773037159
15867288031
13973659765
18166127022
13487771919
13657329477
13574631001
13507358849
13907347736
13786309665
13365748960
15073403128
18928151998
15115987995
18973229700
15084845231
13875253916
13037426673
15197991111
13874089456
13548938007
15200593311
18975927280
15576886888
15129008070
13397393603
15302292509
13469021676
18573923443
13120453509
13807408648
17707391119
18692963142
18974130563
18873280922
15273342684
15387374299
13487692868
13865057750
18773467523
15873267963
13036719109
15096259437
13507456475
18974213396
18602083377
15207420762
18684963338
13677422787
13974703486
18073263067
18244720960
13874743179
