18674551103
13007393651
18073030556
13786423333
13762754829
18773598833
13873165120
18107396201
13973940778
18612256360
18673055020
17742571466
15873304494
13617330889
15116618811
15673914777
13910322288
18607334057
18974603165
13807350054
13786368259
18173290806
17369484879
13367352282
15115688235
13142379517
13647374278
18673505658
15684952702
17775817982
13907422189
15273210188
13453433040
15874814443
15073205710
13397677117
15271317106
18974786911
18073930358
13007391690
18890590610
18773999136
15907415368
18908400123
13590255360
13632855807
17683775978
15074907688
17716701676
13387349000
13875526411
17700208999
18673903727
13873820268
18244710077
13786052389
13620981770
18974716666
18163898683
13786622039
13617451622
13873341172
13875775966
17377819220
15873060087
15367038301
15886407565
13135078888
15874361680
13517341895
17773856543
18670802503
18570562886
15507302100
18374115627
13332525656
15080756664
13789356168
18673432139
18602083377
15867288031
17769262228
15073313775
18973018432
18684963338
18873303765
13789268684
15573833000
13397523885
15243817766
13973709069
18598921869
18707381588
13226630686
13873900429
13875729988
17308469778
15580712721
15180967559
13818916471
18973400156
13357253639
18873462767
18173335752
15080710105
13487674728
13307309926
13907305847
13607400989
13786667718
13807353061
13873027742
13207385266
13786281793
17673869666
18390588908
15073352332
13789212317
13723897066
15111324057
13337222268
18975207773
18673351527
18890503398
18152786518
15570888838
18273366144
13787512658
15348327152
13347335973
15675145898
13974688813
15588887173
15273683656
15575706777
15274416055
15675143213
13975732992
15073075505
13973587654
13873573297
13034870003
13308488900
15873220510
13875556789
18673980266
15116317275
18229953773
13975065695
18684567146
13807454431
15888567789
18163886060
17773519522
13397581386
17347588080
13365748960
18670925006
18570649193
17373911752
18684981137
13874189973
13973638383
13107292966
15243825037
18907320398
13786314281
18807909123
17775688188
18888874207
13469385599
18974724444
13907373016
15673611900
13787004370
13508437201
18973265599
13626629801
15570828118
13647480144
18007479218
15367558288
18075928752
13507358849
13285771869
13874121114
13786250525
18807372488
17716726530
13207417888
15073403128
18975288181
13873982858
13873708855
13873530803
18975472170
13975299188
18173761868
15673875655
13907379341
18229980232
13975393673
13337325003
15116736629
13016150218
18075971590
15898450888
13975786848
18173952477
13875002488
13487378123
18229591229
13407388063
13307726844
13789219037
15012895759
18670595988
13617391372
18175858973
18692509388
13973360860
13807329002
13618447088
13203350378
13875581905
13487692868
15974162798
13874052108
18274716666
13607463188
18890784707
15821796297
13762000568
13974790190
15115889999
13873954949
13347233099
18773851113
18942060666
17707487053
18774567273
17673911413
17375633939
13973558765
15243822511
13973258789
15274790245
13574232123
15074777393
13906968191
17373940733
18657412355
18873061389
15874753333
15211639195
18773973830
15205988111
15873487266
15073811587
13548854028
13875257855
13017337213
18566683549
17363997528
18675550011
13807372855
18692809899
13697488641
13973461459
18670588189
13787453649
18166198888
13327259218
15115101973
15116670001
15073975123
18273098899
15874316618
13418129412
13874873034
13467746666
13907306916
15576241999
13487885420
13077046688
15116670011
18474616666
18573878557
18711817657
15197716888
17773391888
13907381919
15386278173
18674851888
15073838550
18107372809
18570406789
15867382166
18166263320
17507352882
13348664033
13786012315
13662879866
18907331865
15173985566
15526280289
17773250732
13973056518
13973548983
13386101316
17363851911
13874053118
18975315082
18673231815
18216390600
13786857671
18873887888
15074139080
13707342325
18773207328
13517325755
13017354069
15074091588
18075856633
13975036067
15807320272
18166218891
18673796588
17752663333
15307380210
13867566735
18684519960
18975335980
15115786998
13007376027
18973597455
17742575577
18285645648
13874676899
18975037222
15074311066
15873967936
15074847999
18670239999
13016133867
13874082075
13807439767
13929679919
13510304501
15874423638
18173712699
15367370574
13975438000
13617306573
13604740288
18173377756
18874496777
13303725987
18873381736
15207382583
15377478418
18926963976
18975670658
19976919836
18957475737
15576728999
15173917362
15115059333
15084782302
17707462688
15873759998
13786979380
13875268953
13085497317
13637357439
18650957733
15111665130
15897359118
13297380678
13037340000
13574262557
13907337078
13786888882
13874611529
15197549372
13874355538
18073908020
13762606333
17752627779
15273822751
13873218199
15173547451
13637300856
18075631688
13607382857
18198089476
15874716042
13874159696
18874566588
18670879582
15802664568
15367447898
13707454340
13786088417
13874379768
18373308000
18173319578
15197169788
15989051446
13365848866
15898439499
15869925731
18973721233
18152792500
13973719737
18711230928
17872538999
13873413456
13575041615
18692062521
18274703390
15898502618
13786842324
18230698191
18673395233
13973836987
18974695176
15674218888
15200310031
13107096277
18975296600
15574020688
13272141145
15273886220
17373930713
17773031110
13875203035
15211999661
13973832335
18273839329
15116803344
18607386960
17763695268
18807388848
18602518369
13975954321
17373087666
13874905537
15343338325
13187351313
18607398860
18974672819
15873357886
18673385188
15873982148
13617371800
13755175515
18907340022
18692792888
13693542636
18975257778
13617355557
13636346292
18397307779
18974152562
13006812896
15073409799
18975599939
18075806916
15673822188
18274532588
13142311145
17373283505
17773713959
15874006202
15607301133
13507327810
18673106678
15386235867
18173809203
15292290872
15197778813
15328311522
18975208766
18516192266
18873280922
18175606270
13378030697
18580428008
13297333327
13807408648
17375515611
17673488619
18932491313
15043680416
18173379797
13607340203
15807306155
13189222799
15173571234
18973802956
15080948880
18229166372
15807329737
13307471456
13973066496
18773979698
18692120850
17770988721
15116368488
15211281773
18173782021
13907368102
15273069188
13973260058
13574488448
17700249922
15115983766
13973919499
18390136211
13762818083
17347399909
18807358818
13762204998
18166225013
13975394389
18007397288
13187185585
13973904612
15674369293
15907340033
18607386611
13975985748
18873853733
15386221879
17363731466
13873732028
18607358444
13677422787
13974210269
13975029115
15973365258
18073831785
18073093066
18073527055
17670513666
13317328595
18373968568
13787224769
18674790209
18007328831
15898596677
13873208873
13873994444
15773441961
15774135614
13975939383
16673905777
15115267527
13237380758
13922110080
13873808580
13786966897
13787685843
15115333222
18073741088
13378928559
13973595539
13879354621
15071665550
15074600388
13170306297
15007304210
13617456050
18229107683
18216060028
18973020880
13968882783
17363981171
13307472747
13034892175
18079535899
18373282038
13337226772
13574318699
15173359878
13975325253
18890101530
15707461199
18373272038
13341345999
18216030576
13786871022
18573030657
13085472988
13874529796
15914691886
13397393603
18574356056
18573089698
15096115600
13575289191
13975268441
13574948091
15873190119
15173770662
18163937771
13875602582
13120453509
17373289567
15367383056
13873022198
18975316778
13787137655
13973007128
15886316966
18973861063
18974061118
18975692972
13637367448
13974703486
15873315559
17773503990
13077182884
13873921098
17817206555
15200371689
13794846888
13974025971
15773810505
18932175151
13874628258
13707342188
13786498868
13367356601
15673518545
13874264236
15197335055
18930274386
15675290755
13973254283
18874886023
13907380475
13487707899
15773867888
15657118613
18373700205
13973379888
15343349693
13928992758
18973782089
13367307999
18380559596
18692707951
13507329007
13549683255
15673292818
18511506229
13548938007
15616698414
18273407608
15367028585
13077065666
15074286222
15174392666
18916788768
15173827730
13975821383
13762223880
19976754688
18607343333
18229175527
13873828898
13017104276
13975261408
17607453213
17775656977
15575523265
18975458688
13975358500
18692707270
13510875123
15576333115
15386023884
18001198811
13707431222
13865057750
13975360777
13874094008
18673878980
15526070601
15207045000
18907398002
13973722708
15873895896
15197808006
17373789557
18390715018
17373708810
15377359998
13975000749
13873564398
13298549858
18173232200
13787892738
15197902128
13874743179
13707399163
18890518053
15197152670
13873027746
13816625913
17307398851
13975937288
17872739885
17670964418
13798475164
13823549705
13973267353
15197106461
18974849555
18974597888
18474680617
18173712899
13317417538
15502556799
15111591816
15197413553
13732276167
18874538823
13007378643
15580991588
18673617188
13975338488
18924550725
13357290111
13510585159
15073025654
13574960018
13007467333
15387398698
13317332324
18027544686
13975897939
15873351737
18074680996
15973506320
18153306248
18773868160
15673759037
15111565522
17707445553
13907341181
18973335577
13973389058
13875321699
15074591087
18890588898
15210283354
18973778080
13574021068
13360468539
13574463688
15869880331
15973875551
15773536502
13907341823
18975053712
18975788881
13873553196
18670037561
13707327267
18274933917
13789131514
13975829456
15096100608
15873965636
13733073876
13607368751
18390391439
13467372213
18974154983
15174467868
13973341416
18673993000
13762097774
13087358787
18929305080
13786888481
18705793116
18670051009
13973208896
18674665300
18670370688
15207300710
15869883149
15973426388
15200748432
14786688811
13974706713
18677585177
13873666166
13973401222
18075680269
13272117666
13381359903
15273028777
13607361082
13487773818
15007412992
15581665912
18821998899
13873957763
13874139039
17774653665
13381005755
13574786188
13036719109
18573028828
15080834577
13017229102
13469106299
18073925060
18873576677
17707358378
15377332223
15580288686
13327278808
15348329620
15073453555
13973961583
18973850999
15307330738
18673982348
17377822226
18890586899
13047231378
18173331617
15207420762
15907336688
13973711522
15869972456
15874757666
18174337793
15080858037
13469480419
13807473557
15869771013
13017120895
15386245580
15073021665
18975387997
17752828177
18673055587
13762715088
13037391202
18618323310
17707391119
18711718278
13365815501
18216450030
13875747589
13875670707
13974472138
15211203813
15073151125
17347506909
15107382228
13873812033
15873466285
13786284748
18175955777
13573986860
15573758383
15507341025
15675463994
15226352276
18974081369
18007442688
13337388820
13973981511
18074507001
15115115108
13007324207
15197595599
13786785866
13975787332
18670201888
13807441055
13762586778
13975566507
13762405670
18973388132
18873238213
15074666999
13908439778
13787611777
15211573876
13387359910
18216059854
18152705888
13767057055
18873808865
13873507261
15974067512
18874036151
13602760067
13574685608
15243987388
13762564184
13341349393
17369226520
13789377585
17873277777
13786251283
15200816321
13751262621
18673806062
15307399138
17347502382
13607338635
15348480970
13574980626
15200435653
13787461884
15869990680
13873958386
18607306568
13873737598
13378025336
15526174306
18807456677
18175930920
13397527299
13787300864
15574500005
15096285537
18107348888
13907357776
18166272345
18062000959
18958580161
13170485688
18607381126
18374197779
13787360001
13574772807
18673208180
18670661616
15311590018
17773059456
18627353358
18143391896
18867430775
18773055288
15302292509
15807438496
17773531976
13873646086
15074211298
13787553195
13272396933
18600054043
13973963346
15115545222
13007353111
13357378068
13207110615
13873802121
13307341978
18674692988
18073263067
13873841121
15307452511
13607328862
13786363765
13007415580
18229450987
13348721678
13257307777
15873541551
18173201888
15074296631
15387468188
13187008799
13347302888
15367290168
15115568366
15173322811
13600151964
13723892666
15273342684
15367035222
18932163777
18390091191
13798282872
18569663000
18973750725
18707461832
18107393329
17375661333
13617331623
18684801567
13357337840
13974255938
15869835706
15307372220
17373721177
17775666525
18173711230
13973405699
18676156996
13873809230
13874036305
13973402953
17718910168
13786258059
18673219099
15096014921
18873028888
13707349448
18973959686
13270650409
13337383300
15007456677
13607378408
18122137680
13789082200
13908402412
15973029739
18673845237
13762781688
13816409585
18692156766
13511129588
13875503132
15173415121
13975265077
13278819572
13397991888
13637377770
13117322223
13607481151
18107391111
18873967549
18073723378
15607301110
18074336466
18974550983
18674400110
13873014600
15886696168
13973934444
18153810305
13637322821
15012740807
18073039222
15074809566
15150573749
13387383777
15073912595
18890220163
13337310388
18073797068
13975093400
18673489888
13787985059
13707399418
17776303321
18373765709
13503008979
18673065531
13087225777
13272378999
13575151618
19973727151
15307450567
17377705877
18390525988
13786321569
17336666658
15116733222
18073910585
18674712004
13337300830
15873500767
18169289000
13973243457
18373110927
13337273131
18673982266
13307383666
15197740145
17774622229
13807301000
13755028336
13762942656
14760787777
15273182692
15197979395
15073873778
18670279989
18665674021
13348786865
13873242078
15197877000
13973034347
15570805290
18173305870
13786259802
18074606311
18273036797
15873213020
18973091297
13607335733
18007470375
18692193412
13975938027
19907321365
13874698897
13099196965
15367158577
15274935458
15211935581
18073768778
15073797800
15197535898
13607424406
13875479781
18974980788
18908071912
19918338158
13327343603
18907390521
13507325757
15557178908
18934716016
15907906388
15842888108
13875279696
18627668640
13973409999
17307431086
18676766561
18216075559
19976920297
17342657888
13974397088
13347389779
13973950993
18573508222
18107328688
13786078888
18173324076
18773867810
18573772228
13397624087
15073133188
15660288555
15873786300
18973857700
13874830219
18390235200
13973282053
13397400345
15073912738
15973666318
17373395323
18675888823
13786251588
18670731831
13487796899
15307340555
13825763935
13786341189
13810503616
13786375678
13337358778
13574245102
13607477419
13397399929
15211905922
18873817798
18075540312
18074598635
13970985933
13873479889
13874608908
17774465918
15367378498
18673282930
18152879961
15730339706
13726014666
15173318111
18908480986
18975751828
15096188168
13702485056
13973322400
13786263416
13974048979
18173390405
15080953899
15211105876
15580805500
15200500009
15073888789
15377419008
13798270566
18674425280
17707333132
13327227877
18397710343
15073360858
13517354707
15575725222
15197214446
15173396555
18107359686
13298627066
18907392222
15080708120
18975251333
18229187057
15576378600
13549542663
18900703119
15580488866
18711483988
13973235630
15207416688
18175886350
13607391580
17707443387
13786074806
13607327770
13510574857
18873070888
18674716090
18684848449
13575126987
13100330266
18974613223
18807355777
17788900191
15505295769
15348380267
18474598888
18711318088
13262982505
18917038118
13787998847
18692000002
18229704621
17774659952
13574406580
18907408199
13555115678
18188936000
13873470042
13786309665
15386322185
13187305141
17605549888
18229685678
15273321111
15573415739
17607397979
17708495956
15211192432
18674500635
15074032111
13574078105
13574600081
18975270522
15200311003
13907442666
15573498183
18073326993
18574578991
13317493618
18975409999
13973660012
18374632136
18873315711
15073700168
18973445843
18216477377
15972440619
13161060060
18665000610
17673141215
18975566868
13117448628
15886400909
18174664991
15073741633
18143382555
15700767888
13807347133
13222799936
17752628908
13973377776
15873267963
15573528386
13873851111
15080896555
17718983777
13875867912
13087323053
18569072650
18670810888
13789108308
15377428889
18075926002
15273726316
17373546668
13762264331
18973333162
18974539955
15973116100
15207478166
13786670539
18163872100
13925038220
17373977666
13974665001
18924330829
18807399888
18229823337
18574576886
15190562252
18973061428
13789004777
13973526111
15575202777
15377373133
15307322847
13973298170
18897485829
13487880645
15073763008
13973518010
13807372977
15073937772
13907439551
18975297097
17674798933
13135127777
15874645998
18588545356
18374608899
15573813188
18773701510
18175561565
13027378888
15616989777
13957168780
13174219333
15723235656
18873406716
18942020851
15576311890
13575293522
13874371889
13677439596
15386389770
15200312988
13037458998
15111522007
13875409793
18670014556
18173484999
13707430177
18627538077
17773182098
13077061406
15173968666
13787608698
13507381088
13107359151
13538881296
13548904979
13975853876
13638422268
18374729998
18007301313
13707331380
17307451991
17707392628
13707381553
15919716898
18607307234
13487771919
13507398300
18507355557
18975927280
18692877887
13786037656
15115835616
15367647999
18673804638
13973731100
18607300882
18373330672
13873528987
19863338357
13925815127
18975216068
18968333678
18873802288
13922875980
18607390520
13557855055
18673805213
18973505825
13873619897
18797787862
13974010193
13378090701
19973061866
18610119752
13908421671
18973094396
18975368881
13100395290
13574332333
18075191919
15074002926
13055115678
13973302064
15014033556
13336920333
15200868699
18974735777
15073020477
18229969181
13574604994
13786819732
17752800188
13077170609
13786037556
15173513666
13811295096
15377332501
13548593191
18944923451
13789396000
13203187163
13974618108
18711856832
13510241882
17773607766
13873888811
15517000071
18673005220
18932170768
13308444548
15116510777
17377992010
13548985165
18175502997
18673992666
18975002681
15080806012
18374389888
18684879813
18516118850
13559773177
13212260687
18229405111
15869700931
13507456475
15073216999
15575221668
13807385008
15807461170
17773361960
13007370928
15386174366
18807389988
13575284777
17373036333
18773591777
18975231658
15107399366
18022085885
13873949859
18075940789
13517305463
13974003894
13618433033
18273903598
18173407686
13332531235
13924158008
18692963142
18674867206
15115944604
13786327100
15507341857
17769433680
13508447766
13907334655
18975366009
18174313571
13874257571
13520348568
15274028188
15115346878
15002604018
13467979861
13873208955
13807391571
13387341555
13875083057
18153815701
15874800096
17382068288
13875501321
18673713131
13077048778
13762235542
15096181913
13710997260
13973330794
15200785168
13549535828
13873670400
18807333398
17773852280
13786933357
18507323456
15115136228
18897485195
15252506799
13487404805
13347383800
17742576890
13174285988
17707328158
18873655453
13506808174
18674686588
18075939368
13873706469
13093787110
18673084508
15898509403
18073111197
18692169996
13549569863
18642009322
18874693411
15575730111
15386078286
18711989753
13786782143
18573405398
13135350909
18073415588
13607476717
13337292817
18175577191
15502586888
17307457777
18073356069
15211940146
18153769975
18874349187
13575191298
18173461886
18975263015
13907363753
17774470803
18974667571
15173832077
18711226485
15387593353
15367620886
18692032912
13816722199
18973032782
15873806768
18711420783
15873211231
18974435187
18608421882
18818996103
18188932888
13975426681
13702555498
15211199738
15873884168
15874454050
18975682666
13873565500
18692224831
17347021697
18973731159
13875958606
15673857388
18797657608
15869821717
18666898087
18216233816
13874788683
18973915670
13974305958
15973399852
18821868488
13574074377
15399880057
13467872681
15399703062
13762702398
18774931319
15348457222
15873387485
13907359582
18975909966
13341389687
18075991300
13657329477
13637330239
13204990091
13973826082
17369261263
15388028151
18216191958
15116615173
15173452710
18975592528
18673522188
18673381681
13974700539
13974520520
15773290981
13875217372
18073082323
18773918969
13807388227
13975668172
15274247066
17573045126
15115863353
15307398688
13975999260
18973229700
18174609600
13921548825
18907303953
15197808288
18973050727
13973659765
17673644312
17373279888
13762786022
13055133088
13307459523
13397321698
15842980735
15973939803
17774600062
18774809688
13975581421
18274034446
18624010868
18975218518
17773258425
15873560333
18573118611
15074791988
15129008070
18975290458
13789164716
18073517892
13928469731
13875629117
15625877568
15211911840
18973740880
13607390819
13574631001
15774122112
18673911984
13085402898
13607392043
18175921002
13973350339
13762747899
18673310794
15688213666
13174206168
19873700516
15243700619
13247102553
13970985930
18873295523
15292027798
13673452609
18169380168
18374209828
13507421974
18873569889
18973879367
15576608618
13787773260
13973626111
18973505899
15307463333
13117580707
15007332233
13510398728
15173064999
15173404291
18073659317
18310418535
13077077707
15197165966
13787738338
13556778602
13738440884
13974285888
13197510746
18173456925
13207305634
15898530075
13912783226
13575376888
18677164657
13135303073
13973396820
18473788888
17673260905
15886490334
13924192819
13141954833
13697418385
18692111983
17378208379
18807390921
18973037062
15307389836
13548873369
18616513418
18574555555
13548837628
19973516988
13397525666
13162430158
18173621007
13347292898
15074323087
15173086333
18108625599
18973293205
18973528272
13973399381
15576706000
13575033684
17773272865
13875702222
13786791502
13349610658
13677842555
18673204543
15197299887
13378988957
18973886866
14789515555
15173468897
15115335051
18873777878
17700578911
18973261950
18673230540
13973265888
13348789388
13829138706
18807322020
18390889899
17374529999
18973701089
13975555088
13760142101
13319578666
15084845231
13973445748
13873859274
13973689028
13874871540
13723868698
15116700472
18711830518
14789132264
18975291683
15173889488
18797722728
18273072660
15575570874
13907396455
18874478858
18390597808
13612928996
18874329907
18973812958
13405160537
18673530001
15173829365
13789131988
13618419351
13973301290
13638497352
18873766881
13786857787
18229286020
17608483893
13607346626
15243898095
13142286267
13723883188
15675664437
18373287900
18973550877
17397326163
13973572303
15210171562
13487658958
18075795928
13607470288
17711676888
17773706906
13631513890
13366230066
13975555370
18107449222
13574384631
18974638897
13823603646
15387300865
13876093823
17307321386
19976765767
15873857388
18873900171
13875745100
18797543214
18075707385
13707429730
15074425838
13974317051
15200593311
13773808580
13711664836
13378991955
18073126228
13319594333
15367593388
15651930419
13607320360
13318336108
15273391888
15873893789
18674553033
15197319973
18507359685
18904357296
13517334784
15197002131
13517388165
15367077011
18773476969
18173089888
18473707077
18627333606
15907428550
15073239078
13875253916
13621326702
15197407192
13376799789
15576013083
15073316686
18573027899
13907400123
18616589682
13875951112
13973067302
15616022526
15873831400
13789003313
13647329695
15007470261
13973336220
15173441121
13707388231
15502569802
18973532820
18815063666
13874089456
18932477117
13521453389
15387348777
13603069092
18928151998
13975625812
18574540658
18397753858
18907372565
18821871087
13660326858
13973681591
13875212612
18274677607
15973416510
13975215237
15886498978
18073722547
13821566690
13807380250
13085437098
18973370718
18673432587
15197566668
18898453361
13907306435
13027464866
13875660600
18574412388
19807381988
13407487168
17707458631
18670084040
18973265927
15973719810
13365856722
13874426803
15107430678
15074400828
13973761881
15073873373
15200556688
18825194421
13724662550
13973292401
17773037159
13574652450
13873838829
15575700099
13510687936
18673514495
18688773991
13307351866
15526314328
13873368487
18774753706
15673390077
13787524315
13973860178
15073490188
18873880381
18975741666
15973589477
13243639888
15869928690
13574492411
15898549865
13257433836
18768333678
15116314902
15575685559
15927877888
13789397532
15575264772
18664337720
15211765696
18900740961
17375951650
18975377368
17773649778
17773115283
13574001428
13975077237
18975732988
13387301378
13327231113
18174601234
18670266887
13786087102
18607457865
18821888388
15873946815
13787067667
13873299261
13017212111
15111263825
13921398532
15073563888
15921958393
15526434666
18007380901
18273495569
13762871987
15115987995
18907469230
15386140001
15074390106
15904828721
13332585936
18975288605
18873585021
13298586338
18075952868
15367789883
18611798540
13807369760
18975555399
18670938688
13037322142
18673591999
15115864058
15173722036
13575218508
18974005499
18680602682
18073817333
13973864613
18173873776
14773634350
13874133021
17775929050
18908930008
17711682090
15115359151
15073045757
18670865858
15115873292
15886467350
13973671768
13580936808
18174688087
13975799193
18002068210
13243894471
13807413580
13907425287
13787824692
18973333758
13802391686
17680418487
15526003888
13973378669
15173220388
13508448210
18573631612
13874149729
13789119170
15874589305
18508429394
18397529950
13387416662
18673783552
13574074088
15200250090
15084836225
17773448330
13607333175
13607323107
18974162888
13728241691
13707499904
13707395654
17365751333
13973351517
13873444282
15096259437
13973628308
15074402363
13975277525
15211474575
13327367198
18244825228
15873328041
13875577096
18684593438
13874810157
15116093050
15573454049
18925303140
15507341613
15200559642
18173903981
18973332758
15697399992
13789056661
13554937183
13873817930
13243685809
18973377936
18975639888
15873939388
18607468712
18974737898
15073302363
15712087123
13575250085
13517420090
13819509949
13975757005
13487995631
13807329967
17607433983
18973074488
13975959568
15973968109
18613904444
18007397563
13975449405
18373946292
15873057575
15973935188
15073388808
13637399106
13017308887
13974242233
18673541782
18821861333
13873471985
17378086578
17773827888
13638445658
15886573815
13787157564
18807389918
13207427123
15111526188
18684814415
18502124949
18670471777
13378044968
15657378377
18073219582
15115788937
15322449543
13973380539
15377396868
18073096466
15807471288
18273349999
15907460550
18152641218
17347037516
15918766988
18107353456
13874711588
13873035449
17873085555
17673959991
13975228831
13823838245
13574794329
18607387011
13873372113
15898499998
18665712851
13807349508
18673621623
13973990000
15073777080
13973205467
17375522333
18873897318
15274835280
18998448983
18975528043
15211545252
13348772990
13907301801
13407384333
18244720960
18007421877
15907391551
15873820280
18175869530
15273279293
13908450189
15211036588
13631510099
15880838898
18673982678
15675320098
15507436888
13902962671
13574369179
18873322987
18152620000
13922529781
15273838808
13974051167
15367749088
15386121001
15073662999
15973791772
13874851069
18286079261
18374272396
13317333733
13312937033
18175740987
13974443601
15211897711
18773532717
13510548586
13574619658
13469218569
13318712970
13974018498
13787505460
15364117766
18674872772
13975084799
13317337168
15674477777
18670658101
13327346335
13517390997
13378923033
15107377158
18198350908
18397595871
13574983882
18627679993
13317327666
18073861399
18692731954
13950880338
18975495279
15573543999
13357398811
13873014152
13272287288
13786220822
18173690157
18975520855
15007423783
18166127022
18692984109
15907359992
15897392145
13807329153
18574607181
13037426673
18807437773
15973900121
17773502228
18373803890
13549520202
13874607080
15074318111
18073511110
15673833221
13975797193
18974558035
18153308933
18673630498
15343055199
13875868328
17368977758
18973546108
13607358685
13762887208
18015995168
13973761880
13875213213
15502500777
17773758222
13617390500
15197704718
18607382323
18973761996
13387382488
13466689625
13822819575
15399739773
13728195197
18182019418
13007392723
15898545088
15173560389
17711690660
18153817899
18182006578
15273645848
18173667585
18975185070
18907358558
13770315585
15107374107
18674431393
15573424940
13755023666
13627409866
13657335811
13873933061
15573728673
15507469895
15813518469
15115942359
18684812236
13973915967
13467498333
18907390202
15675388007
13807309318
13203000970
13107391096
18673117033
13135105775
15115355511
18975671610
17373230886
18613998266
13222546666
13307312389
17707323333
13507114433
13908405281
13787715198
13973344069
13508442438
18073256466
13874178189
13762822277
13875429039
15115429671
15386022794
13590144655
18673351293
13107184720
13638496337
15873902971
17363825678
18577768488
13762230807
18574540656
13875952228
15096333433
13487404998
18873002698
18797408008
13874586511
13973338966
13789208919
17773091119
18711940578
13627379158
19807446498
13786557207
15074696018
18821929223
18797576367
15899811111
13537742558
18682126393
15080916655
18973377947
13961745858
17873080888
13917306850
18175920270
15675809244
13650135088
18107397876
13728818474
18673071778
13762514398
19973730006
13974170908
13762213011
13974560139
13974563906
13647374795
15874532169
13707432036
13786774368
13973605591
18073060601
13925762855
15575077229
13503049203
18772486902
13874254449
13574900473
18942010000
17307383688
15200601311
18273372281
18973730138
18890221998
13548898582
18073405143
18075672818
13975137143
15807331026
13487553739
13691877307
15973376592
15197080234
15973362267
13789009977
18607347171
13875131899
18173433903
18073131038
13203155367
13574615310
13341303530
18173361579
18684588588
13574308770
13973393869
13973798959
13786107269
17788932045
18007412861
18873853395
13505031555
18507386880
15074200998
15973336800
13762312135
13975999922
13077778518
15660249888
18873222111
13973729802
18153320588
13317331997
13548906988
17363773177
18974213396
15821007008
18873268881
13307403212
13875463378
18207304180
13875480303
15243805399
18112657827
13874131822
15886544846
18974617374
13037392555
13085465948
13973268052
13347390012
15874695698
13907377901
13397695772
13087288203
18974038222
13873691781
13469019118
15873792184
13973085471
13973813899
13973681411
15197456727
18670740454
18618181659
13975607889
13874156984
18273116180
13786068388
18975785536
18750127110
18174678090
13973007717
13548829459
13874678088
17773998333
13548800833
13332502899
18711631510
15273279029
13975428682
13875869893
15706804910
13507309102
18673273144
18508406050
18273008267
18907359228
18900760296
18182050360
13337276113
13337335666
18073002131
17707345277
18073007889
15874491119
15869779659
15115295668
13187268831
18773835598
13922327048
17352684448
18670955448
18797489999
13574462228
18673505588
15111160299
18673973908
13807411640
15273806767
18506476609
17774456007
15050839978
13907376271
15174318503
13637333036
13162206683
13360785555
18692290683
15115135333
18173302638
18873711312
15675202881
13397558166
13973941699
13077399777
13973023775
15343039882
13875225253
15973337847
13786935781
18073851079
18773360088
15817412077
18074460536
13789026990
18873456706
18173075448
15807372766
15973809481
13607346698
13786831500
13517398289
13638493626
13973607063
15399711303
13807343888
13787381533
13327397385
13467304618
13973570667
15096256718
18107302381
17375185428
18670955558
13687368399
18825187976
15717349401
13650261111
13397549853
13637387801
18473327876
13874398621
18107466158
13469479097
13986078663
18673816572
13017371213
15576409560
17373395295
13574165567
13517440953
13974120707
15869977685
18673498898
13762707222
13958183389
13077002905
15338881296
15074038883
18773398788
18502377325
18073548957
13807392777
13975735028
13469342091
17363756800
13798335792
13548505828
13874593188
13973572131
13319689488
13873085698
18711705807
18874500836
13327323535
15074840719
18874295880
18570348012
13342531313
19973045566
15073306836
18907359229
18074625376
13908403798
13974160013
18390607593
13602517608
13260895933
17397391928
13387346119
13077004076
13922517265
17773372502
13762816981
13973017708
13349636115
15068082098
18163661987
17774420035
18873896578
18900753188
18859735593
13973470598
15842959366
15173688499
13917121768
13707320440
13036721388
18670719789
18174538337
15273033330
18073232233
18152894488
13974096218
13575040023
18273711343
15173266787
13875433526
13397595676
18873867379
18711253959
15107691072
13332580018
13575135082
15107428508
13055148390
18073182995
18175507666
17373479777
15973702852
18307387400
18774578888
13508444633
13975468206
18873311227
18673416684
18874389809
13874009561
15243803533
13170456695
18373497771
13574256604
18974666869
15107304234
13975395399
13510978195
18773030572
15907354274
13165065588
13875002988
18574624666
13973569988
13469021676
13901298413
13574944722
18373846677
18550107278
18932176818
18873950505
15173867849
17783139543
13337226839
13469183780
13973600539
18973810885
15115943216
18817023398
13308466789
18397629888
18569096012
13974333727
17507373518
13141715489
18873005566
17763720303
15010457395
13973362830
18627102095
13973225788
18673356098
15801361919
13973954075
17774376558
18673006776
18074581788
15773958805
15107420668
13607327777
13786789491
18074541322
13907396634
18974870460
18774691832
13973555113
13117439191
13307346688
13974599950
13875508276
13762325657
13975232503
15973334933
13170415205
13055083072
13186970380
17607431666
15873860839
13762426542
15386190886
13873020601
13607444260
15343267555
15274706927
13723808078
18873413053
13786914039
15607344096
15197991111
18975238615
13574062296
13973416697
15173033298
13342531234
15080829988
13973900626
18073188196
15074964728
13036712025
13326796967
18166158430
18674608180
18166295811
18673558139
18073981799
13973903609
15717390213
13317470831
13611126086
18478335455
13973710636
18607455815
13327390391
13874380767
18874211493
13607479868
13575296318
