15273798788
15111133240
15573930921
15622229037
18573868088
18821834049
18773499709
13875199414
18807381115
18397679779
15575005177
15273838050
13407333638
15973876599
18684813653
15576706888
18679153103
15869988721
13875010511
18938698657
18593346237
15073313776
15084722265
13873452616
18601418369
13107414995
13907336876
18216272222
13786791630
17773159338
13789074555
18973225700
18153826004
18674440099
13929226357
13873659822
18273706877
15973359766
18373701370
18711817676
15507341150
15873293773
14786565803
13348789933
18397758899
13874636596
