18974492770
18070405143
18673082551
18673330200
15973313003
15292126131
17363800477
15073015500
15576886888
15575522228
13295537168
13510966616
18173302631
15016708678
18173275000
15307343622
15616565472
13973325555
17375166566
17347026371
18692100802
15576919275
18216197666
13786442000
17762624886
13762903888
17707305030
18973262721
13187390066
17718930731
13570496016
18907415271
17507372205
18974988999
18173297108
18692838818
18075511590
13270716161
15118157505
13187000111
18573923443
18569059456
13507320011
18907448477
18073265966
15673573555
13973260888
18973457887
18570506095
13974506206
15675206851
15574807555
13907319996
18900799055
13574034218
15973965787
13373325003
18687484091
13922998888
15570790309
14760787636
18347088937
18073313119
17773834877
15899899897
18397669515
15343049643
18773348183
15576448285
17373904933
13873888487
15973399845
15576704454
13807469567
15972180879
15507341662
18973030100
15084972439
18517416888
15073276486
15874326575
18075986367
13974678681
15343359655
15197129557
13521975298
13873358882
15869857993
15387374299
15673960799
18373819926
18676232567
13873126236
13085497313
18613932913
17373301203
18173334196
15813810930
18773467523
13574098985
18680326232
13807479993
15674486668
15975508929
13873471077
13875250089
13973467858
13762410403
17382129169
18974543555
15207470779
15674612622
18973334832
13574034059
17650020052
17007383666
13923251048
19973220736
18075651198
13574414971
18262067806
18670941256
15950956908
13907347736
13707302505
13974659930
13807413773
13487398572
15073902870
13017335141
18153326603
13973816110
17673491010
13787719993
18075936771
13487377924
13506669640
13786369638
17352687612
15616838777
13807451323
13973534213
18152786292
13813864352
15307346147
18674728615
13387331066
15673586243
17807399001
13517494255
18573815888
15377388788
18673330602
13928464832
15074020205
15197033789
13907389688
13135195765
